0.62177152309352
-0.9666654676840278
0.07888881573512496
-0.5051548877468321
0.21894862935512824
-0.6351253092760484
0.16123719612449122
-0.4952903833867592
-0.42678692233017346
1.2194578310338304
-0.21489495064872638
-0.2975481476189812
0.045317293551172776
0.1711208420029088
-0.1353053207018725
-0.5979335604209061
0.8761671971311159
-0.842063322159283
0.5825415609119451
0.21325255285759961
-0.1460401615488718
-1.1148838397876364
-0.04557112421030613
0.21762938446591704
-0.9413606285609746
0.9832584443911914
-1.1100402250419383
0.3368622049012998
-0.47945203720160934
-0.038272498791236204
0.28204549824803665
-0.9480037720618394
1.4522240446418042
-0.14491222101703258
-0.11438346095967968
0.2873301613675903
0.5736063056013705
-0.8734355829828884
-0.29684842559411834
-0.5102076298602111
2.444991334628872
-0.3812384511964864
0.1547333580790353
-0.18367990137449866
0.2356089950965671
0.16151828121084275
-0.15703853261361586
-0.1015407371532853
0.1017357785537833
0.00045181430913011965
0.44692380753433303
-0.4748014969341552
0.38317662533610836
-0.5183646528811948
0.3211641631672004
-0.20294031452404596
-0.34366415528799593
0.05876110128485289
-0.1030935400411525
-0.046242481883296105
0.09156656343746532
-0.13213987372367242
-0.03785801656933667
-0.17699487135385275
-0.065986903807662
-0.30332722124827727
-0.004177615681769671
0.04539951297828075
0.11806227544949625
0.270844113199726
-0.2700240151156982
-0.6603624713726862
0.2520172059305918
0.21299646145569082
-0.16865961191494658
0.10102759124093856
-0.28018966359236525
0.2619304903395566
-0.20107496696776736
-0.0714694587587393
0.4029077085820218
0.5288866943551367
-2.134242788738705
0.2948623527947252
0.2651981672255667
-0.4635701394776165
0.2863535439544576
-0.1493743824349862
-0.886337812979021
0.42488080401508893
-0.006974939037317457
-0.5197845779418864
-0.9268814437211037
0.7297807127528592
-0.3116543863033995
-0.15787826301933117
0.4093456174344592
-0.47928193841963124
0.644316160987892
0.038559394191364144
-0.7662845485720504
0.03535819351117016
0.0672294055095853
0.028236987257421783
-0.18410974162261287
0.692596554656997
-0.24362025513449873
0.30774269463771026
-0.32963475309597257
-0.4928956037545939
0.03662390841394161
0.295898847907766
0.06546316433980821
-0.1211972750392425
0.028449353327137113
-0.17484120572126535
0.06301293116013312
-0.17028261845724654
0.09790855236656279
0.24068654233392142
-0.28037503258701607
0.09511516719233126
0.08382094054981826
-0.14973281078147704
-0.2440857668964025
-0.8679877239110916
0.4054298912599165
-0.3283642393873315
-0.5064123166333574
-0.8671792697876404
0.7335495854051572
0.11436733303195692
0.13961725972274244
-0.3202191658616449
-0.01506766510929539
0.1773204706863868
-0.7484870075476623
0.21106890049758914
0.0247577458211603
-0.016746198023869258
0.10569907989574644
-0.17261900388682996
0.009608268690967384
-0.5412623713893279
1.3213684406806618
-0.6704975417964698
0.027123734006494683
-0.6242144604397665
-0.9989294521796777
0.509742423950426
0.29170672729061753
-0.4201339184347037
0.014725318249126436
0.2986581319187447
-0.7781103784918383
-0.4999320187472162
0.8960148432008955
0.4690694980875017
-0.4755159909572301
-0.5294714307009906
0.21105651911654874
-0.15690817902351298
-0.4208957544320985
0.3451008886825111
-0.28356217551609214
-0.01574837183366966
-0.22074539196214046
0.43827363314485707
-0.377065144958561
-0.01930847360209426
-0.8666772846978938
0.5661096411534146
-0.019459869383174396
0.12590103929234023
-0.4928768404179615
-0.07410546187973958
1.7876412448296195
0.3754611302557604
-0.6098916239951105
-0.7053917151072971
0.802472588411391
0.06875235739380557
0.11743200404294767
-0.0200819138271289
-0.6178858413241057
0.08455543595629422
0.4585588398993542
-1.4989460794809895
0.04184898556121537
-0.0549596302937756
-0.05781994119368458
0.07923135274735109
-0.6444123147079652
0.9238982101406077
0.08622733194120005
0.23019933282147875
-0.5516910591697977
0.08140756347096319
-0.026314197010927073
-0.17774590695559817
0.14590968155617978
0.0014470300420892069
-0.6871931658875678
0.9317547511131807
-0.10308417233252085
0.10431631679955468
-0.09465400997942444
0.2048519873236898
0.5042689190781011
-0.7449226329077036
-0.30073796540606657
-0.02688414682304124
0.11182665574060063
0.158356016436079
-0.3927317141506564
-0.8623785271574037
0.5242206187752385
-0.1994868900845821
1.1220745611344034
-0.33428170178214495
-0.016350485361416464
-1.480017664577612
1.0497521681205277
-0.8577843698186146
-0.20859939575317044
-0.0892519857065446
-0.30153773729574446
0.9139633908175866
-0.13218739481914932
-0.42063844870662154
0.18390455418964108
-0.14196008676616598
-0.09288156649453554
-0.1686335724429151
0.08138901391753414
-0.16574916952552748
-0.07353264424673167
0.6303531264401117
-0.6431411775913014
0.19096666296305315
-0.13112776779305016
0.18414651443116184
