-0.16721779556465968
1.8252852489682982
-0.7973594624441676
0.2876765498932245
-0.3874718483596206
-0.4558785302717726
0.5426489373399395
-0.883649950121062
0.5807257133586932
-0.9532241785954733
0.45464397680357144
-0.9606723642280651
-0.39538645185338206
1.3489749773309176
-0.3487778027781052
-0.7930907384156268
0.6205998750207832
0.5266770992473802
-1.2328105993640441
3.196721186363801
-0.061835774939994606
-0.48462639657885914
-0.4460348164780411
-0.005889950267870872
0.25941788684589023
-0.5597453253913791
-0.32631433148400985
0.3208340497496065
0.4156824716328797
-0.3284292259115057
0.42114858873107464
-0.11427322262861733
-0.7901392356751519
-0.33118696163732614
1.9118442041826953
-1.1493489089466158
-0.6241259446183393
0.22190445267812764
0.8205463981120105
0.44365753210168246
-0.17256220617498796
-1.443637363658817
-0.4069862588170877
-0.19155785583392693
0.1387716455144853
-1.0924569674128204
1.4689218668481656
-1.048121863101765
0.14316144082250543
0.8605943948747129
-1.1417617096624584
-0.6074494812070411
0.22089802456968002
0.19516572924640166
-0.12666732861116842
0.1467865862345917
0.3774966046517351
-1.1021133262777247
1.4009373360411106
0.37251156611633235
0.17534372926281738
0.48899462478330186
-0.022470229639260042
-0.524839358758892
-0.873898173361135
-0.19030284745834752
1.1175596434852275
-0.4938849269313594
-0.04775977819646061
0.687338721525532
0.14530111596469442
-1.4381046206050838
1.4950009865739262
-1.326898735983434
-0.391129088011448
2.7252084229315034
-0.45253284561323426
-0.4758133728576346
-0.8592343797402698
0.6507396033285555
-0.3611691142531479
0.7453768773128323
0.5611504957086819
-0.663771318799687
0.8129703342009711
-1.579771571023406
-0.19551738032879662
1.343771844750662
-0.3616510036635843
-0.11205442382967766
-0.6167995205352853
-0.4452628952219168
0.4657648240841235
0.018407878600228703
0.48883406033252363
-0.10818851695912336
-0.4992969758288992
1.1126115722935135
1.0214630708069388
-0.4697723696061564
0.514700805691024
-1.0852935888829767
-0.4182086400618764
0.5411697894768781
0.8428919506038693
-0.7205132419703427
-0.09296014121766547
1.6913571833941028
-0.4531090263795432
-0.576923757648251
0.12497988472347366
-0.525389858506982
0.18516119842707796
-0.7155990638064886
1.3974738964176365
-0.24813883830742423
0.6403822576043231
-0.2847755992424694
0.2957283177242711
0.3214918618856419
-1.5294635848115912
0.897730874759691
-0.7596211477037365
-1.4334839101336652
0.22714185123268005
0.6504058021360305
-0.0787731746744351
-0.5510302092534881
0.6993095559574336
-0.49800948206853346
-0.33784248692912366
1.265135458620507
-0.31474681383408004
0.22568190245501593
0.052665300265280685
-1.3590647036608456
-0.09497987009049651
1.2081589227475573
-0.8174669208081908
0.6420711820345043
-0.3387865335418379
-0.6946325574178701
-0.8098575716080828
0.5791607596695982
-0.3697535086877764
1.5306623267121322
-0.9920645336951656
0.24796166422432264
-0.033981744911544626
-1.3208552944390448
0.046906065916266455
-0.7628509088186409
0.970270072652451
0.1740485824692822
-0.015028652969556465
-0.5725305290847441
-0.26482850226383114
0.2833731545949107
0.22890958838467726
0.5217370876173962
-0.3750944838325009
0.1807380290867009
-0.9116140870264718
0.06438510007241915
0.10303358116985056
-0.3916847198277299
0.1559665008218545
0.0808277257852603
0.3799712843271253
-0.5948927800554454
-0.5408609857020176
0.5237976404939453
0.3625533500025487
-0.2954652727733081
0.9273677499345374
0.685947274612821
-0.45150426267240157
-2.5487474315623975
0.5157150276440226
-0.1419107145615425
-0.12950728776459075
0.06105685532754493
-0.5698186148916022
-0.01549553732076749
-0.42865797260662847
0.6278331163505887
0.9277444949146506
0.11360643952691679
0.45475966299155224
0.7213469878176022
-0.9038713734638669
-1.0334883323764208
-0.8482485501490581
-0.5405975012278937
1.9689402321341318
-0.9731130072683263
0.5592239358184656
-0.4432336122750958
-1.03863491560958
1.091383761857053
-0.41956453644986813
-0.2508314430498579
0.5707607451133483
-0.21080940475513643
0.7898403144120736
0.08860151333277484
-0.20738911873083674
-0.8877136862270718
-0.11774816274108353
0.17886404432481628
-1.3663552840634012
0.6503731850609605
-0.3184592164550915
-0.05833353137626303
0.9106513135518317
-0.13181443029422693
1.6830547720926814
-0.014307145901544506
-0.5743961290543426
-0.7359860781469826
0.003429069029065659
0.36089742693533544
0.42328825191640296
0.13591068379946383
0.510182133829891
-0.24402250037646733
-1.4069570399501108
-0.9462337007781757
1.495777448919745
-0.4355097694985146
-1.0215076658333675
1.0365069830809832
-0.6690235002802339
0.16028421226232162
0.6145127264163164
-0.7027792723159308
0.5083927945283494
-0.5395459125815449
-0.07447301670510333
-0.07404965607043029
0.28621855572853966
-1.0230748071043754
0.6691249189954495
0.20530008245278938
-0.9687109976604968
-0.5143668760623623
0.17724437349342878
-0.23044642073297425
0.4309085445468128
-0.8099761329388443
0.8340969669534253
0.08068434071906715
-0.21062775847128967
-0.5523765954360698
-0.6901683121750398
1.6265896092506318
-1.097004620850598
-0.4454936273440307
-0.9890276444261099
-1.1110157905977351
0.6691516283899155
0.45257210117283636
0.1563340840864336
0.42180850313890006
-1.0607995722590646
0.05192046329849683
0.3034568516828328
0.6919454674636712
-1.1112472195695189
0.30249848655442557
0.5699540473725034
0.3443984222058918
-0.8696285366033385
0.5011877859734113
0.3621695252104217
0.2833250198900912
-0.46661119482639507
0.07988934368344909
-0.8270152159502386
1.3545950101861945
-0.7118867822917946
-0.31975355787005866
-0.10148876053054255
0.6525866538101656
-0.8342864944756029
0.05426638295318054
-1.2142395275148083
-0.5580679962958959
2.2030207946537943
1.6693630792298186
-1.53786089182706
1.0602064872270025
-0.36794868287339333
1.920209678996113
-0.4652051345346036
-1.6446186792942326
0.7817513231504083
-0.5881362450620092
-0.26741007031792263
-0.9372868100945191
1.5197559883857772
-0.4534307378909832
-0.8000942544889571
-0.34729492704688875
0.31780080512567876
0.3290915291906212
0.73639040136513
-0.5893421008883003
0.28507949179000097
-1.983385503511801
-1.0101827513445827
0.3819953287140976
1.3256447212594096
-0.142580090500801
-0.3870810402666013
-1.0945330565861
0.7084705156647065
0.5842610389159825
-0.5779875680066117
0.6272871785639516
-0.3036326347320513
0.8510318090378926
-0.4741816129670288
-0.1832197077624663
0.1909026598086162
-1.1591246213469182
0.3100006403070781
0.34245500215281816
0.7791279777195196
-2.6355198088554084
0.411697242080449
-0.022791357149809136
-0.18412076924199872
0.06695272872210532
-0.5149024909870642
1.2484992136462134
-0.17987555014247292
0.26181583495875804
-0.4460737909560502
-0.20505067312956712
1.0552521562419497
0.04072667461637652
-1.5957096210627326
-1.5965376124728488
1.0020832417890602
-0.7825761742161191
0.1401770183843058
1.6799672881886734
0.07770606049985516
-0.35988454463907926
-1.4407353966510479
0.10505686710176365
-0.44134682341072917
0.32669103598420157
2.0617368222533097
0.36481530771703297
-0.6825737633283288
-0.9213472719946627
1.1975126969322443
0.35335452744342694
0.39922595334063493
0.5276258536932265
-0.2523816978844179
-0.6146670142223338
-1.7932554502708273
0.665753574489312
-0.5378586705789682
0.09067638691674143
0.8178254643227834
0.7214215678419497
-1.5648243215312365
0.9418206266055691
-0.7211348605994626
-1.509837330614243
0.954331015721172
-1.3298332675563018
0.20978972328632672
-0.07855001200866848
-2.196443285317601
3.2273704102301606
-1.1504609764623042
0.40031201589726123
-1.9082034502709138
-0.0023129200366532256
0.5856922499760023
0.9156369156344685
0.034212549765922334
-1.3772649213808759
1.48427218994859
-0.07681215034383972
-0.21730471919265873
1.3405819697648456
-0.25432717080346867
0.8576171440300926
-0.49504303604397626
0.267825301756498
-0.2075865256541327
-1.016197370935096
1.9528226060278155
-1.2001609276151217
-0.00935316376285424
1.1161828509924
0.0354427912138354
0.4291681144594979
-0.3952396418350117
0.5425764530645321
0.9436981302946227
-0.7983256357073728
-0.9513087280972582
1.4232535403078668
-1.7701856021273457
-1.7757703799921705
-0.662467679286977
-1.2204257225871735
2.274042490727324
-2.2795740618612395
0.3706721123531836
0.8625947811795786
-0.5921117316088894
-0.04855217918779802
0.23434794508804907
-0.7044190453019123
-1.5479570378653114
0.16983147025789105
0.5486660476314434
1.0329540406212363
2.0598866488049556
-0.5710821832323757
-1.033242653140741
-0.04679146504072858
0.7205409104767858
-0.8181579179153126
-1.3712300728026974
1.1178781852014061
0.21591766920626024
0.022832666375127122
0.10816306015881767
-1.6423166861179574
1.2064209630215015
-0.98136049016944
1.498272643120672
0.7207469414096583
-2.0655188193574303
0.625575868165806
-1.4332160459029069
-0.24905809332050033
0.7252526080800904
1.4622690313309084
-0.22999161427652268
0.037875656614472446
-0.9252819001670383
0.536567555773166
-1.9275950040828678
0.6119292013032193
0.3845196119706323
0.8587067078779281
-0.4167511782566693
0.9905061451925158
-1.7605880997134584
-0.1277068041773765
-0.04204147682837992
-0.8243543790761483
1.712830583090204
-1.3605610083476765
-0.36589406015436843
-0.9301767339923033
-0.16576514865593406
-0.004737447210002639
1.8158017812913934
-1.330254007036624
-0.2490905835236273
0.4109918826251888
-0.31343083982748776
0.07046511570600952
-0.6632952865868238
0.8721848763085904
-0.5236724623622429
-1.1424549907128998
0.6941672050027495
-2.0106508042704325
1.0289541520475842
0.10125146753233186
-0.23363661584872883
-0.1738625871385921
0.35275784829373413
