0.0
0.7528379772961816
1.5056759545923633
2.2585139318885448
3.0113519091847265
3.7641898864809082
4.5170278637770895
5.269865841073272
5.5
6.022703818369453
6.775541795665634
7.25
7.5
7.5283797729618165
7.75
8.281217750257998
9.034055727554179
9.78689370485036
10.25
10.5
10.539731682146543
11.292569659442725
12.045407636738906
12.798245614035087
13.5
13.551083591331269
14.303921568627452
15.056759545923633
15.809597523219814
16.5
16.562435500515996
17.315273477812177
18.068111455108358
18.82094943240454
19.57378740970072
20.0
20.326625386996906
20.5
21.079463364293087
21.25
21.832301341589268
22.0
22.58513931888545
23.0
23.33797729618163
24.090815273477812
24.75
24.843653250773993
25.596491228070175
25.75
26.0
26.25
26.349329205366356
27.0
27.102167182662537
27.25
27.855005159958722
28.0
28.607843137254903
29.0
29.25
29.360681114551085
30.113519091847266
30.866357069143447
31.61919504643963
32.0
32.25
32.37203302373581
33.12487100103199
33.87770897832817
34.0
34.630546955624354
35.383384932920535
35.75
36.136222910216716
36.8890608875129
37.64189886480908
38.39473684210526
39.14757481940144
39.75
39.90041279669763
40.65325077399381
41.40608875128999
42.158926728586174
42.911764705882355
43.664602683178536
43.75
44.25
44.41744066047472
45.1702786377709
45.5
45.92311661506708
46.67595459236326
47.42879256965944
47.5
47.75
48.181630546955624
48.25
48.934468524251805
49.68730650154799
50.44014447884417
51.19298245614035
51.94582043343653
52.0
52.5
52.69865841073271
53.45149638802889
53.75
54.204334365325074
54.75
54.957172342621256
55.0
55.25
55.5
55.710010319917444
56.0
56.25
56.462848297213625
57.21568627450981
57.75
57.96852425180599
58.72136222910217
59.47420020639835
59.5
60.22703818369453
60.97987616099071
61.732714138286894
62.485552115583076
62.5
63.23839009287926
63.75
63.99122807017544
64.74406604747162
64.75
65.4969040247678
66.0
66.24974200206398
66.75
67.00257997936016
67.75541795665634
68.0
68.50825593395253
69.25
69.26109391124871
70.01393188854489
70.76676986584107
71.25
71.51960784313725
72.0
72.27244582043343
73.0
73.02528379772961
73.7781217750258
74.53095975232198
75.25
75.28379772961816
75.75
76.0
76.03663570691434
76.25
76.78947368421052
77.5423116615067
78.29514963880288
79.04798761609906
79.80082559339526
80.25
80.55366357069144
81.30650154798762
81.5
82.0
82.0593395252838
82.75
82.81217750257998
83.56501547987617
84.31785345717235
84.75
85.07069143446853
85.25
85.75
85.82352941176471
86.0
86.57636738906089
86.75
87.25
87.32920536635707
88.0
88.08204334365325
88.25
88.83488132094944
89.0
89.58771929824562
90.3405572755418
90.75
91.0
91.09339525283798
91.84623323013416
92.0
92.5
92.59907120743034
93.35190918472652
94.1047471620227
94.75
94.85758513931889
95.61042311661507
96.36326109391125
97.11609907120743
97.75
97.86893704850361
98.62177502579979
99.37461300309597
99.75
100.0
100.12745098039215
100.88028895768834
101.63312693498452
102.3859649122807
103.13880288957688
103.5
103.75
103.89164086687306
104.64447884416924
105.39731682146542
106.0
106.1501547987616
106.25
106.90299277605779
107.65583075335397
108.25
108.40866873065015
109.0
109.16150670794633
109.91434468524251
110.66718266253869
111.42002063983489
112.0
112.17285861713107
112.92569659442725
113.67853457172343
114.25
114.43137254901961
114.5
115.1842105263158
115.93704850361198
116.25
116.68988648090816
117.0
117.25
117.44272445820434
117.75
118.19556243550052
118.25
118.9484004127967
119.70123839009288
120.45407636738906
121.20691434468525
121.95975232198143
122.71259029927761
123.46542827657379
124.21826625386997
124.97110423116615
125.25
125.72394220846233
126.47678018575851
126.75
127.2296181630547
127.25
127.98245614035088
128.73529411764707
129.48813209494324
130.0
130.24097007223943
130.9938080495356
131.25
131.7466460268318
132.49948400412796
132.75
133.0
133.25232198142416
133.5
133.75
134.00515995872033
134.75799793601652
135.0
135.5108359133127
136.26367389060889
137.01651186790505
137.76934984520125
138.5
138.52218782249741
139.25
139.2750257997936
139.75
140.02786377708978
140.78070175438597
141.53353973168214
142.28637770897834
142.5
143.0
143.0392156862745
143.75
143.7920536635707
144.0
144.25
144.54489164086687
145.25
145.29772961816306
146.05056759545923
146.80340557275542
147.5562435500516
148.3090815273478
149.06191950464395
149.81475748194015
150.56759545923632
151.3204334365325
152.07327141382868
152.82610939112487
153.57894736842104
154.33178534571724
155.0846233230134
155.8374613003096
156.59029927760577
157.34313725490196
158.09597523219813
158.84881320949432
159.60165118679052
160.3544891640867
161.10732714138288
161.86016511867905
162.61300309597524
163.3658410732714
164.1186790505676
164.87151702786377
165.62435500515997
166.37719298245614
167.13003095975233
167.8828689370485
168.6357069143447
169.38854489164086
170.14138286893706
170.89422084623322
171.64705882352942
172.3998968008256
173.15273477812178
173.90557275541795
174.65841073271415
175.4112487100103
176.1640866873065
176.91692466460267
177.66976264189887
178.42260061919504
179.17543859649123
179.9282765737874
180.6811145510836
181.43395252837976
182.18679050567596
182.93962848297213
183.69246646026832
184.4453044375645
185.19814241486068
185.95098039215685
186.70381836945305
187.4566563467492
187.75
188.2094943240454
188.96233230134158
189.25
189.71517027863777
189.75
190.46800825593397
190.75
191.0
191.22084623323013
191.97368421052633
192.7265221878225
193.4793601651187
194.23219814241486
194.98503611971105
195.73787409700722
196.49071207430342
197.24355005159958
197.99638802889578
198.74922600619195
199.50206398348814
200.2549019607843
201.0077399380805
201.76057791537667
202.51341589267287
203.26625386996903
204.01909184726523
204.7719298245614
205.5247678018576
206.27760577915376
207.03044375644996
207.78328173374612
208.53611971104232
209.28895768833848
210.04179566563468
210.79463364293085
211.54747162022704
212.3003095975232
213.0531475748194
213.80598555211557
214.55882352941177
215.31166150670794
216.06449948400413
216.8173374613003
217.5701754385965
218.32301341589266
219.07585139318886
219.82868937048502
220.58152734778122
221.33436532507739
222.08720330237358
222.84004127966978
223.59287925696594
224.34571723426214
225.0985552115583
225.8513931888545
226.60423116615067
227.35706914344686
228.10990712074303
228.86274509803923
229.6155830753354
230.3684210526316
231.12125902992776
231.87409700722395
232.62693498452012
233.37977296181631
234.13261093911248
234.88544891640868
235.63828689370484
236.39112487100104
237.1439628482972
237.8968008255934
238.64963880288957
239.40247678018576
240.15531475748193
240.90815273477813
241.6609907120743
242.4138286893705
243.16666666666666
243.91950464396285
244.67234262125902
245.42518059855522
246.17801857585138
246.93085655314758
247.68369453044374
248.43653250773994
249.1893704850361
249.9422084623323
250.69504643962847
251.44788441692467
252.20072239422083
252.95356037151703
253.7063983488132
254.4592363261094
255.2120743034056
255.96491228070175
256.7177502579979
257.47058823529414
258.2234262125903
258.9762641898865
259.0
259.72910216718265
260.25
260.48194014447887
260.5
261.23477812177504
261.9876160990712
262.0
262.25
262.74045407636737
263.4932920536636
264.24613003095976
264.25
264.99896800825593
265.5
265.75
265.7518059855521
266.0
266.5046439628483
267.2574819401445
267.75
268.01031991744065
268.7631578947368
269.5
269.51599587203305
270.2688338493292
271.0
271.0216718266254
271.25
271.77450980392155
272.0
272.5
272.52734778121777
272.75
273.28018575851394
274.0330237358101
274.25
274.78586171310627
275.5386996904025
276.29153766769866
276.5
277.04437564499483
277.797213622291
278.5500515995872
279.3028895768834
280.05572755417955
280.5
280.8085655314757
281.0
281.25
281.5
281.56140350877195
281.75
282.3142414860681
283.0670794633643
283.81991744066045
284.57275541795667
285.32559339525284
285.5
286.078431372549
286.83126934984523
287.5841073271414
288.25
288.33694530443756
289.08978328173373
289.84262125902995
290.25
290.5954592363261
291.3482972136223
291.5
292.10113519091846
292.8539731682147
293.0
293.5
293.60681114551085
294.25
294.359649122807
295.1124871001032
295.25
295.5
295.8653250773994
296.6181630546956
297.37100103199174
298.1238390092879
298.87667698658413
299.25
299.6295149638803
300.38235294117646
301.13519091847263
301.5
301.88802889576885
302.0
302.640866873065
303.0
303.3937048503612
303.75
304.0
304.14654282765736
304.8993808049536
305.65221878224975
306.4050567595459
307.1578947368421
307.9107327141383
308.6635706914345
308.75
309.41640866873064
310.1692466460268
310.75
310.92208462332303
311.6749226006192
312.42776057791536
313.18059855521153
313.25
313.93343653250776
314.6862745098039
315.4391124871001
316.19195046439626
316.25
316.5
316.75
316.9447884416925
317.0
317.69762641898865
318.0
318.4504643962848
318.75
319.20330237358104
319.75
319.9561403508772
320.25
320.7089783281734
321.46181630546954
321.75
322.21465428276576
322.25
322.96749226006193
323.0
323.7203302373581
324.47316821465427
325.2260061919505
325.97884416924666
326.7316821465428
327.484520123839
327.5
328.0
328.2373581011352
328.9901960784314
329.74303405572755
330.0
330.4958720330237
331.0
331.24871001031994
332.0015479876161
332.75
332.7543859649123
333.5
333.50722394220844
334.0
334.26006191950466
334.5
335.01289989680083
335.765737874097
336.5
336.51857585139317
337.2714138286894
337.5
338.02425180598556
338.7770897832817
339.5299277605779
340.0
340.2827657378741
341.0356037151703
341.78844169246645
342.5412796697626
343.29411764705884
344.046955624355
344.7997936016512
345.5
345.55263157894734
345.75
346.30546955624357
347.05830753353973
347.8111455108359
348.5
348.56398348813207
349.3168214654283
350.06965944272446
350.8224974200206
351.57533539731685
352.328173374613
352.75
353.0810113519092
353.83384932920535
354.0
354.5866873065016
355.33952528379774
356.0
356.0923632610939
356.8452012383901
357.5980392156863
358.35087719298247
359.10371517027863
359.75
359.8565531475748
360.0
360.25
360.609391124871
360.75
361.3622291021672
362.11506707946336
362.5
362.8679050567595
363.5
363.62074303405575
363.75
364.3735810113519
364.5
365.1264189886481
365.5
365.87925696594425
366.6320949432405
367.38493292053664
367.5
368.1377708978328
368.5
368.890608875129
369.5
369.6434468524252
370.0
370.39628482972137
371.14912280701753
371.9019607843137
372.6547987616099
373.25
373.4076367389061
373.75
374.16047471620226
374.9133126934984
375.0
375.66615067079465
375.75
376.0
376.25
376.4189886480908
376.5
376.75
377.171826625387
377.92466460268315
378.6775025799794
379.43034055727554
380.1831785345717
380.93601651186793
381.5
381.6888544891641
382.44169246646027
382.75
383.19453044375643
383.75
383.94736842105266
384.0
384.7002063983488
385.453044375645
386.20588235294116
386.75
386.9587203302374
387.25
387.71155830753355
388.0
388.25
388.4643962848297
389.2172342621259
389.25
389.9700722394221
390.5
390.7229102167183
390.75
391.0
391.47574819401444
391.75
392.0
392.2285861713106
392.98142414860683
393.25
393.734262125903
394.48710010319917
394.5
395.23993808049534
395.99277605779156
396.7456140350877
396.75
397.25
397.4984520123839
398.0
398.25128998968006
398.75
399.0041279669763
399.5
399.75696594427245
400.5098039215686
400.75
401.0
401.2626418988648
402.015479876161
402.7683178534572
403.5
403.52115583075334
404.2739938080495
404.75
405.02683178534573
405.7796697626419
406.25
406.53250773993807
406.75
407.28534571723424
407.75
408.03818369453046
408.75
408.7910216718266
409.5438596491228
409.75
410.29669762641896
410.75
411.0495356037152
411.5
411.80237358101135
412.5552115583075
413.30804953560374
414.0608875128999
414.8137254901961
415.0
415.56656346749224
415.75
416.31940144478847
417.07223942208464
417.25
417.8250773993808
418.57791537667697
419.3307533539732
420.08359133126936
420.8364293085655
421.5892672858617
421.75
422.3421052631579
423.0949432404541
423.84778121775025
424.0
424.6006191950464
425.0
425.35345717234264
426.1062951496388
426.25
426.5
426.859133126935
427.61197110423115
428.36480908152737
429.11764705882354
429.5
429.8704850361197
430.25
430.5
430.62332301341587
430.75
431.3761609907121
431.5
432.12899896800826
432.75
432.8818369453044
433.6346749226006
434.3875128998968
434.5
435.0
435.140350877193
435.25
435.89318885448915
436.6460268317853
436.75
437.39886480908154
438.1517027863777
438.75
438.9045407636739
439.0
439.25
439.65737874097005
439.75
440.41021671826627
440.75
441.0
441.16305469556244
441.9158926728586
442.66873065015477
443.421568627451
444.17440660474716
444.5
444.92724458204333
445.68008255933955
446.25
446.4329205366357
447.1857585139319
447.25
447.5
447.93859649122805
448.6914344685243
449.44427244582045
449.5
450.1971104231166
450.5
450.9499484004128
451.0
451.702786377709
452.0
452.45562435500517
452.5
453.0
453.20846233230134
453.9613003095975
454.5
454.71413828689373
455.4669762641899
456.21981424148606
456.25
456.75
456.97265221878223
457.72549019607845
458.4783281733746
459.2311661506708
459.98400412796695
460.7368421052632
461.48968008255935
462.2425180598555
462.25
462.9953560371517
463.5
463.7481940144479
464.0
464.5
464.50103199174407
465.25
465.25386996904024
466.0067079463364
466.75954592363263
467.0
467.5123839009288
468.26522187822496
469.0
469.01805985552113
469.77089783281735
470.25
470.5237358101135
471.2765737874097
472.0
472.02941176470586
472.7822497420021
473.5
473.53508771929825
474.2879256965944
474.75
475.0407636738906
475.5
475.7936016511868
476.546439628483
477.25
477.29927760577914
478.05211558307536
478.75
478.80495356037153
479.0
479.5577915376677
480.31062951496386
480.5
481.0634674922601
481.5
481.81630546955626
482.5
482.5691434468524
483.0
483.25
483.3219814241486
483.75
484.0748194014448
484.827657378741
485.0
485.25
485.58049535603715
486.3333333333333
487.08617131062954
487.8390092879257
488.25
488.5918472652219
489.0
489.25
489.34468524251804
489.75
490.09752321981426
490.85036119711043
491.0
491.6031991744066
491.75
492.35603715170276
493.108875128999
493.86171310629516
494.6145510835913
494.75
495.3673890608875
495.5
496.0
496.1202270381837
496.75
496.8730650154799
497.62590299277605
498.3787409700722
499.13157894736844
499.8844169246646
500.6372549019608
501.39009287925694
502.14293085655316
502.89576883384933
503.5
503.6486068111455
504.0
504.40144478844167
505.1542827657379
505.90712074303406
506.5
506.6599587203302
507.0
507.4127966976264
508.1656346749226
508.25
508.9184726522188
509.67131062951495
510.0
510.25
510.4241486068112
511.17698658410734
511.5
511.75
511.9298245614035
512.6826625386997
513.4355005159958
513.5
514.188338493292
514.9411764705883
515.0
515.25
515.6940144478845
516.0
516.4468524251806
516.5
517.1996904024768
517.952528379773
518.7053663570691
518.75
519.4582043343653
520.2110423116615
520.25
520.9638802889577
521.25
521.7167182662539
522.4695562435501
523.2223942208462
523.9752321981424
524.7280701754386
525.0
525.25
525.4809081527347
525.75
526.2337461300309
526.75
526.9865841073272
527.7394220846234
528.4922600619195
529.0
529.2450980392157
529.9979360165119
530.75
530.750773993808
531.5036119711042
532.2564499484004
533.0
533.0092879256966
533.7621259029928
534.514963880289
535.25
535.2678018575851
536.0206398348813
536.7734778121775
537.5263157894736
538.2791537667698
539.0319917440661
539.7848297213623
540.5376676986584
540.75
541.2905056759546
541.75
542.0433436532508
542.7961816305469
543.5490196078431
544.3018575851394
545.0546955624355
545.8075335397317
546.25
546.5603715170279
547.313209494324
548.0660474716202
548.8188854489164
549.5717234262125
550.3245614035088
550.75
551.077399380805
551.8302373581012
552.5830753353973
553.3359133126935
553.5
554.0887512899897
554.75
554.8415892672858
555.594427244582
556.3472652218783
557.1001031991744
557.25
557.8529411764706
558.6057791537668
559.0
559.3586171310629
560.1114551083591
560.8642930856553
561.6171310629514
562.25
562.3699690402477
563.1228070175439
563.75
563.8756449948401
564.6284829721362
565.3813209494324
566.0
566.1341589267286
566.25
566.8869969040247
567.5
567.6398348813209
568.3926728586172
568.5
569.1455108359133
569.75
569.8983488132095
570.6511867905057
571.4040247678018
572.156862745098
572.9097007223942
573.6625386996905
574.4153766769866
575.1682146542828
575.921052631579
576.6738906088751
577.4267285861713
578.0
578.1795665634675
578.5
578.9324045407636
579.5
579.6852425180599
579.75
580.0
580.4380804953561
580.5
580.75
581.0
581.1909184726522
581.9437564499484
582.0
582.6965944272446
582.75
583.4494324045407
583.75
584.2022703818369
584.25
584.9551083591331
585.0
585.25
585.7079463364294
586.4607843137255
587.2136222910217
587.25
587.5
587.9664602683179
588.719298245614
589.25
589.4721362229102
590.2249742002064
590.9778121775025
591.0
591.7306501547988
592.0
592.25
592.483488132095
593.0
593.2363261093911
593.25
593.75
593.9891640866873
594.0
594.7420020639835
595.25
595.4948400412796
596.0
596.2476780185758
597.000515995872
597.25
597.7533539731683
598.5061919504644
599.2590299277606
600.0
600.0118679050568
600.7647058823529
601.0
601.25
601.5175438596491
601.75
602.25
602.2703818369453
603.0232198142415
603.7760577915377
604.5288957688339
605.0
605.28173374613
605.5
606.0345717234262
606.25
606.5
606.7874097007224
607.0
607.5
607.5402476780185
608.2930856553147
608.5
609.045923632611
609.7987616099072
610.0
610.25
610.5515995872033
611.0
611.3044375644995
611.5
612.0572755417957
612.25
612.5
612.8101135190918
613.562951496388
614.3157894736842
615.0686274509804
615.8214654282766
616.5743034055728
617.327141382869
618.0799793601651
618.8328173374613
619.25
619.5856553147574
620.0
620.3384932920536
620.5
621.0913312693499
621.8441692466461
622.25
622.5
622.5970072239422
623.3498452012384
624.1026831785346
624.75
624.8555211558307
625.25
625.6083591331269
626.3611971104231
626.75
627.1140350877193
627.8668730650155
628.6197110423117
629.3725490196078
629.75
630.0
630.125386996904
630.5
630.8782249742002
631.25
631.5
631.6310629514963
631.75
632.3839009287925
633.1367389060888
633.889576883385
634.25
634.6424148606811
635.3952528379773
635.5
636.1480908152735
636.9009287925696
637.5
637.6537667698658
638.0
638.4066047471621
639.1594427244582
639.5
639.9122807017544
640.25
640.6651186790506
641.0
641.25
641.4179566563467
642.1707946336429
642.25
642.9236326109391
643.6764705882352
644.4293085655315
644.75
645.0
645.1821465428277
645.9349845201239
646.25
646.68782249742
646.75
647.4406604747162
648.1934984520124
648.75
648.9463364293085
649.0
649.25
649.6991744066047
650.452012383901
650.75
651.2048503611971
651.25
651.75
651.9576883384933
652.7105263157895
653.25
653.4633642930856
653.75
654.2162022703818
654.75
654.969040247678
655.7218782249741
656.0
656.4747162022704
656.5
657.2275541795666
657.25
657.9803921568628
658.7332301341589
659.25
659.4860681114551
660.2389060887513
660.9917440660474
661.0
661.7445820433436
662.25
662.4974200206399
663.0
663.250257997936
663.5
664.0030959752322
664.5
664.7559339525284
665.5087719298245
666.2616099071207
667.0144478844169
667.75
667.7672858617132
668.0
668.25
668.5201238390093
669.0
669.2729618163055
670.0257997936017
670.25
670.7786377708978
671.5
671.531475748194
672.2843137254902
673.0371517027863
673.5
673.75
673.7899896800826
674.5428276573788
675.295665634675
676.0485036119711
676.5
676.8013415892673
677.5541795665634
678.3070175438596
679.0598555211558
679.75
679.8126934984521
680.5655314757482
680.75
681.3183694530444
681.75
682.0712074303406
682.8240454076367
683.5768833849329
683.75
684.3297213622291
685.0825593395252
685.8353973168215
686.5882352941177
686.75
687.3410732714138
688.09391124871
688.8467492260062
689.25
689.5995872033023
690.3524251805985
690.5
691.1052631578947
691.858101135191
692.0
692.25
692.6109391124871
692.75
693.3637770897833
694.0
694.1166150670795
694.8694530443756
695.6222910216718
696.375128998968
697.1279669762641
697.25
697.5
697.8808049535604
698.25
698.6336429308566
699.3864809081527
700.0
700.1393188854489
700.8921568627451
701.6449948400412
701.75
702.3978328173374
703.1506707946337
703.9035087719299
704.656346749226
705.4091847265222
706.0
706.1620227038184
706.9148606811145
707.6676986584107
708.4205366357069
709.0
709.1733746130031
709.75
709.9262125902993
710.0
710.6790505675955
711.4318885448916
711.5
712.1847265221878
712.937564499484
713.0
713.5
713.6904024767802
714.4432404540763
715.1960784313726
715.9489164086688
716.7017543859649
717.25
717.4545923632611
718.2074303405573
718.9602683178534
719.25
719.7131062951496
720.4659442724458
720.5
721.0
721.218782249742
721.25
721.9716202270382
722.7244582043344
723.4772961816305
724.0
724.2301341589267
724.9829721362229
725.0
725.25
725.735810113519
725.75
726.4886480908152
726.75
727.2414860681115
727.75
727.9943240454077
728.5
728.7471620227038
729.5
