# Mean residuals and ratios for the PSD approximation
# f, mean_res, mean_rat
6.854009595613429e-5	-6.090068409061085e-17	1.0
6.945709180461409e-5	-0.00010759955556551715	1.0008156728938629
7.038635611251765e-5	-0.00019891692188051164	1.0015301458632873
7.132805301918827e-5	-0.0002752851909494151	1.0021493560327897
7.228234885998492e-5	-0.00033801554234775497	1.0026794361358096
7.324941219566213e-5	-0.0003883901085421177	1.0031266633075837
7.422941384214371e-5	-0.00042765515907885223	1.003497406594291
7.522252690069412e-5	-0.0004570146884548705	1.003798073866241
7.622892678849472e-5	-0.00047762448545161983	1.004035058831768
7.724879126962788e-5	-0.0004905867532868695	1.004214688844048
7.828230048647633e-5	-0.0004969453403582867	1.004343174175961
7.932963699154176e-5	-0.0004976816308766213	1.0044265594091701
8.039098577969066e-5	-0.0004937111335945845	1.0044706775434893
8.146653432083023e-5	-0.00048588079540685714	1.004481107383227
8.255647259302129e-5	-0.00047496705510204285	1.0044631346996356
8.366099311603583e-5	-0.00046167464124461435	1.0044217176045551
8.478029098536185e-5	-0.00044663610728596195	1.0043614565016303
8.591456390666404e-5	-0.00043041208675276624	1.004286568909391
8.706401223070468e-5	-0.0004134922419034465	1.0042008693771016
8.822883898873325e-5	-0.00039629687071258436	1.0041077546402455
8.940924992834793e-5	-0.00037917912952918376	1.0040101940900363
9.060545354983794e-5	-0.0003624278223169983	1.0039107255605446
9.181766114301091e-5	-0.00034627070204318875	1.0038114563695983
9.304608682451493e-5	-0.0003308782255308511	1.0037140694856377
9.429094757565819e-5	-0.0003163676998954849	1.003619834632951
9.555246328073456e-5	-0.0003028077564958705	1.0035296240926648
9.683085676586375e-5	-0.00029022308707379104	1.0034439329060463
9.812635383834913e-5	-0.0002785993763633314	1.0033629031411626
9.943918332656326e-5	-0.00026788836583329403	1.003286351842611
0.00010076957712036591	-0.0002580129843079997	1.0032138022477581
0.00010211777021206482	-0.00024887248291561074	1.003144517821186
0.00010348400073792249	-0.0002403475140681799	1.0030775386315571
0.0001048685100202189	-0.00023230509692519596	1.003011719572777
0.00010627154260987789	-0.00022460341498023228	1.002945769912945
0.00010769334632966215	-0.0002170963949973674	1.0028782936415102
0.000109134172317948	-0.00020963802047862653	1.00280783007648
0.00011059427507308411	-0.0002020863371396294	1.0027328941905544
0.00011207391249834473	-0.00019430711248851837	1.0026520161172838
0.0001135733459474845	-0.00018617711652506674	1.002563779306717
0.00011509284027090151	-0.00017758699578353468	1.002466856814433
0.00011663266386241966	-0.00016844371841358014	1.0023600452290915
0.00011819308870669516	-0.00015867257369917457	1.0022422957713202
0.00011977439042725908	-0.00014821871531975263	1.0021127421318747
0.00012137684833520085	-0.00013704824371350705	1.0019707246588243
0.00012300074547850486	-0.0001251488290504001	1.0018158105523296
0.00012464636869204538	-0.0001125298824923242	1.0016478097808088
0.00012631400864825216	-9.922228952655135e-5	1.001466786493828
0.00012800395990845203	-8.527772511457235e-5	1.0012730657731426
0.00012971652097489928	-7.076757610181044e-5	1.001067235634517
0.00013145199434350035	-5.578150167949935e-5	1.000850144266332
0.00013321068655724523	-4.042566757316205e-5	1.000622892566722
0.0001349929082603535	-2.4820693949922258e-5	1.0003868221165682
0.0001367989742531438	-9.099360694359658e-6	1.0001434988000526
0.00013862920354763912	6.595883383508978e-6	0.999894692355794
0.000140483919423914	2.2115558742581605e-5	0.9996423522084942
0.00014236344948719777	3.730589080035661e-5	0.9993885799916435
0.00014426812572573957	5.201159285817902e-5	0.9991355992253871
0.0001461982845694497	6.607864654204283e-5	0.9988857226582246
0.00014815426694932344	7.935703145253329e-5	0.9986413178165914
0.00015013641835766192	9.170335796227576e-5	0.9984047713314645
0.00015214508890909687	0.00010298336011027661	0.9981784526254653
0.0001541806334024329	0.00011307420923718304	0.9979646775480719
0.00015624341138331744	0.0001218666132832323	0.9977656725397572
0.00015833378720774753	0.00012926667142022292	0.9975835398893799
0.00016045213010642867	0.00013519745879087857	0.997420224623547
0.00016259881424999189	0.0001396003214607253	0.9972774835323057
0.0001647742188150864	0.0001424358671278172	0.9971568567944383
0.00016697872805135358	0.0001436846425680945	0.9970596426180682
0.00016921273134929958	0.00014334749411219413	0.9969868752601071
0.00017147662330907362	0.0001414456125571286	0.9969393067322221
0.00017377080381016896	0.00013802026873315184	0.9969173924427591
0.00017609567808205361	0.00013313225040562682	0.9969212809644524
0.000178451656775749	0.00012686101524480675	0.9969508080580245
0.00018083915603636348	0.00011930357820850224	0.9970054950223904
0.00018325859757659807	0.00011057315483439601	0.997084551384283
0.00018571040875123567	0.00010079758462422348	0.9971868818839904
0.00018819502263262502	9.011756092639189e-5	0.9973110976601223
0.00019071287808717732	7.868469550042993e-5	0.9974555314851486
0.00019326441985288335	6.665944729746906e-5	0.9976182568550663
0.0001958500986178706	5.4208945939321685e-5	0.9977971106912796
0.00019847037110000843	4.150474095215676e-5	0.9979897193701296
0.00020112570012758148	2.8720508034803716e-5	0.9981935277565565
0.00020381655472103902	1.6029743540759255e-5	0.9984058308817386
0.00020654341017584138	3.6034779481755064e-6	0.9986238078719254
0.00020930674814641172	-8.391961600204755e-6	0.9988445577057169
0.000212107056731213	-1.9797110572180257e-5	0.9990651363510232
0.00021494483055896322	-3.0461420255295958e-5	0.9992825948106757
0.000217820570876002	-4.0245178515319075e-5	0.9994940175873741
0.00022073478563482932	-4.902127347683814e-5	0.9996965610653089
0.00022368798958382526	-5.66767775162328e-5	0.9998874912973711
0.00022668070435817358	-6.311433123535915e-5	1.0000642206841361
0.00022971345857199837	-6.825330961949706e-5	1.0002243430344382
0.0002327867879117368	-7.2030755369204e-5	1.0003656665074672
0.0002359012352307576	-7.440206742136477e-5	1.0004862439539792
0.00023905735064524901	-7.534143592032926e-5	1.0005844001992117
0.0002422556916313861	-7.48420183388845e-5	1.0006587558429467
0.0002454968231238015	-7.29158550451056e-5	1.0007082471930746
0.0002487813176153703	-6.95935263190594e-5	1.000732141997377
0.00025210975525833236	-6.492355658911693e-5	1.0007300506942387
0.00025548272396676725	-5.897157541907402e-5	1.0007019329653513
0.00025890081952043806	-5.1819248464826716e-5	1.0006480994422495
0.00026236464567002825	-4.3562995160308476e-5	1.0005692084912898
0.000265874814243782	-3.431251320987273e-5	1.0004662580786032
0.000269431945255576	-2.4189132983598456e-5	1.0003405727948804
0.00027303666701443267	-1.3324027560835375e-5	1.0001937861986658
0.0002766896162355025	-1.8563063795069448e-6	1.0000278187141138
0.00028039143815252767	1.0068977831080937e-5	0.9998448513933131
0.00028414278663181376	2.230287797403635e-5	0.9996472959222363
0.0002879443242877229	3.469462589106835e-5	0.9994377613122216
0.00029179672259971464	4.7093698546281886e-5	0.9992190177731824
0.0002957006620309524	5.935184613553957e-5	0.998993958310334
0.00029965683214849424	7.13250522877859e-5	0.9987655586213307
0.00030366593174509617	8.28753981766058e-5	0.9985368358949551
0.00030772866896263985	9.387280449833923e-5	0.9983108071258405
0.00031184576141721676	0.00010419662783769868	0.9980904475613815
0.0003160179363258808	0.0001137370908636028	0.9978786498882055
0.00032024593063510195	0.00012239652900031476	0.9976781847460278
0.0003245304911509332	0.00013009043962062476	0.9974916631278212
0.00032887237467092413	0.00013674832332761467	0.9973215011878054
0.0003332723481177947	0.00014231431044867108	0.9971698879338537
0.00033773118867490043	0.0001467475693847247	0.997038756230154
0.00034224968392351026	0.0001500224968705642	0.9969297574802019
0.0003468286319819174	0.00015212869344778993	0.9968442403012427
0.0003514688416464168	0.0001530707304811414	0.996783233439984
0.0003561711325341628	0.0001528677178210651	0.9967474331172365
0.0003609363352279441	0.00015155268370209077	0.9967371949267418
0.00036576529142288966	0.0001491717806492387	0.9967525303524326
0.0003706588540751433	0.0001457833330344341	0.9967931079083375
0.0003756178875525215	0.0001414567434813854	0.9968582588482882
0.00038064326778719293	0.0001362712765673023	0.9969469873373283
0.00038573588243039433	0.00013031473922561328	0.9970579849252034
0.0003908966310092228	0.00012368207793146322	0.9971896491131955
0.0003961264250855199	0.00011647391316955087	0.9973401057599418
0.000401426188416885	0.00010879503186134735	0.9975072350295329
0.00040679685711984343	0.00010075285838430121	0.9976887005457018
0.00041223937983519336	9.245592456646046e-5	0.997881981379984
0.0004177547178955708	8.40123586009121e-5	0.9980844064689639
0.0004233438454952499	7.552841220747219e-5	0.9982931910261735
0.00042900774986222214	6.71070445830864e-5	0.9985054744885339
0.0004347474314325703	5.8846580733868836e-5	0.9987183595150888
0.0004405639040271826	5.0839460674313555e-5	0.9989289515379719
0.00044645819503082423	4.3171094715351926e-5	0.9991343983523069
0.0004524313455736116	3.591883864429965e-5	0.9993319292236331
0.0004584844107149076	2.9151101027758448e-5	0.999518892988803
0.00046461845962968227	2.2926593147087863e-5	0.9996927946302188
0.0004708345757973661	1.7293730210376447e-5	0.9998513298134003
0.00047713385719322604	1.229019048451571e-5	0.9999924168956115
0.00048351741648230837	7.942636869905376e-6	1.000114225938424
0.000489986381215969	4.266603216809874e-6	1.0002152042898966
0.0004965418940310412	1.2665453814511145e-6	1.0002940983429411
0.0005031851128516593	-1.0639453294603926e-6	1.0003499711249106
0.0005099172110937912	-2.7417710390044e-6	1.0003822154291346
0.0005167393778724994	-3.7938055542095517e-6	1.0003905622618177
0.000523652818211982	-4.256231308813284e-6	1.0003750844458958
0.0005306587532584175	-4.1737464602023425e-6	1.000336195296604
0.0005377584204956635	-3.5986555952867235e-6	1.0002746423599727
0.0005449530739638351	-2.589859282999242e-6	1.000191496283878
0.0005522439844808113	-1.2117592450857348e-6	1.000088134969911
0.0005596324398667067	4.669028358263309e-7	0.9999662232316141
0.0005671197451713393	2.3742539224057764e-6	0.9998276882586753
0.0005747072229047511	4.4365261071137715e-6	0.9996746912558528
0.0005823962132708033	6.579301208244424e-6	0.9995095956881446
0.0005901880744039058	8.728743841710383e-6	0.999334932618584
0.000598084182608905	1.081280382132041e-5	0.9991533636707915
0.0006060859326041902	1.276236957135595e-5	0.9989676421842011
0.0006141947377680427	1.451235538546485e-5	0.9987805731548884
0.0006224120303882913	1.6002706802983454e-5	0.9985949725690574
0.000630739261915298	1.7179310058776454e-5	0.9984136267392991
0.0006391779032183348	1.7994793451152008e-5	0.9982392522458796
0.0006477294448453905	1.840921051622102e-5	0.9980744570675623
0.0006563953972864476	1.8390597046787032e-5	0.9979217034590018
0.0006651772912402902	1.791539619931175e-5	0.9977832730961029
0.0006740766778848721	1.6968748146523788e-5	0.9976612349676798
0.0006830951291513122	1.5544642910754123e-5	0.9975574164427122
0.0006922342380015451	1.3645937114765882e-5	0.9974733778887668
0.0007014956187096973	1.1284237378135077e-5	0.9974103911597729
0.0007108809071472165	8.479654940120625e-6	0.9973694222119105
0.0007203917610718272	5.260437783069454e-6	0.9973511180454784
0.0007300298604203414	1.6624880481992169e-6	0.9973557981098667
0.0007397969076053968	-2.271226130800773e-6	0.9973834502484488
0.0007496946278161558	-6.491354105122508e-6	0.9974337312013046
0.0007597247693230338	-1.0942930269349345e-5	0.9975059716269046
0.0007698891037865047	-1.5566213694579576e-5	0.9975991855490663
0.0007801894265700312	-2.0297587227987064e-5	0.9977120840836541
0.0007906275570571913	-2.5070503014325443e-5	0.9978430932500808
0.0008012053389730376	-2.9816461114355413e-5	0.9979903756264185
0.0008119246407097668	-3.446600776026062e-5	0.9981518555634121
0.0008227873556567346	-3.8949739790133086e-5	0.9983252476321947
0.0008337954025348981	-4.3199301934622714e-5	0.998508087943045
0.0008449507257357203	-4.714836388296656e-5	0.998697767938227
0.0008562552956646214	-5.0733564428950285e-5	0.9988915702307819
0.0008677111090890127	-5.3895410487245376e-5	0.9990867060336327
0.0008793201894909962	-5.6579119376788235e-5	0.9992803536995764
0.0008910845874247812	-5.873539349009276e-5	0.9994696978731974
0.0009030063808788758	-6.032111730719953e-5	0.9996519687408942
0.0009150876756431364	-6.129996767046742e-5	0.9998244808556069
0.0009273306056807136	-6.164292931160565e-5	0.9999846710089724
0.0009397373335049897	-6.13287088131754e-5	1.0001301346263736
0.0009523100505615439	-6.034404148871729e-5	1.000258660169611
0.0009650509776152422	-5.868388707094189e-5	1.0003682610491385
0.0009779623651424922	-5.635151159485436e-5	1.0004572045723545
0.0009910464937287603	-5.3358454436715275e-5	1.0005240374872248
0.0010043056744713924	-4.97243811006066e-5	1.000567607721438
0.001017742249387839	-4.5476824008773795e-5	1.0005870819657894
0.0010313585918293275	-4.0650815221771896e-5	1.0005819588069058
0.001045157106900079	-3.5288416659773474e-5	1.0005520771771588
0.001059140231882133	-2.94381549837929e-5	1.0004976199587714
0.001073310436665847	-2.31543697914261e-5	1.000419112652505
0.001087670224186171	-1.6496485151474664e-5	1.0003174170986446
0.0011022221308647395	-9.528215713100115e-6	1.000193720316689
0.0011169687270579003	-2.316719647446107e-6	1.0000495186094873
0.0011319126175107145	5.068288512846611e-6	0.9998865971549185
0.0011470564418170535	1.2555451499750402e-5	0.9997070053827639
0.0011624028748858286	2.007269544509136e-5	0.9995130285035835
0.0011779546274134813	2.7548154507988863e-5	0.9993071556192055
0.0011937144463627738	3.491108017764515e-5	0.9990920448992955
0.0012096851154479993	4.209272188917566e-5	0.9988704863540908
0.001225869455626683	4.902716628536628e-5	0.9986453627689499
0.0012422703255978499	5.5652123373762034e-5	0.9984196093914773
0.0012588906223069765	6.190964894024932e-5	0.9981961729757165
0.0012757332814576795	6.774679385707544e-5	0.9979779707911607
0.0012928012780302695	7.311617233152704e-5	0.9977678501966151
0.0013100976268072225	7.797644264505166e-5	0.9975685493611657
0.0013276253829057026	8.229269549538767e-5	0.997382659687749
0.0013453876423171877	8.603674663967432e-5	0.9972125904595011
0.001363387542454336	8.918733211106062e-5	0.9970605361868056
0.00138162826270515	9.173020581338988e-5	0.9969284470848402
0.0014001130249945669	9.365814076041899e-5	0.9968180030585415
0.0014188450943535638	9.49708365950265e-5	0.9967305915158255
0.0014378277794958611	9.567473728086932e-5	0.9966672892715345
0.001457064433402365	9.578276399062162e-5	0.9966288487450091
0.0014765584539134051	9.531396921199874e-5	0.9966156885945879
0.0014963132843289185	9.429311895071011e-5	0.9966278888733373
0.0015163324140166409	9.27502106273842e-5	0.9966651907324515
0.0015366193790284583	9.071993484591334e-5	0.9967270006430117
0.0015571777627249811	8.824108965864819e-5	0.996812399052823
0.0015780111964084976	8.535595627627878e-5	0.9969201533439193
0.0015991233599643717	8.210964537524762e-5	0.9970487349073262
0.0016205179825110486	7.854942325151193e-5	0.9971963401057199
0.0016421988430587293	7.472402706491038e-5	0.9973609148510674
0.0016641697711768772	7.068297832096669e-5	0.9975401824836746
0.0016864346476706531	6.647590355341776e-5	0.997731674601163
0.0017089974052663852	6.215187090662825e-5	0.9979327644507928
0.0017318620293062335	5.775875097657866e-5	0.9981407024666064
0.0017550325584521221	5.334260985509381e-5	0.9983526535042644
0.0017785130853991166	4.894714183647445e-5	0.9985657353012432
0.0018023077575983174	4.461314868959898e-5	0.9987770576692889
0.0018264207779894537	4.037807177264898e-5	0.9989837619095084
0.0018508564057432499	3.627558257265184e-5	0.9991830599293595
0.0018756189570137524	3.2335236489175066e-5	0.9993722725351675
0.0019007128057006947	2.8582193853407466e-5	0.9995488663747867
0.001926142384222082	2.503701128397637e-5	0.9997104890127799
0.0019519121842971091	2.1715505535471206e-5	0.9998550016357389
0.0019780267577395377	1.8628691002349157e-5	0.9999805089084043
0.0020044907172617143	1.5782791010624784e-5	1.0000853855325773
0.002031308737289315	1.3179321975081715e-5	1.0001682990999545
0.002058485554787022	1.081524843629554e-5	1.00022822887743
0.0020860259700952147	8.683205936891793e-6	1.0002644802184208
0.002113934847777889	6.771787669407685e-6	1.0002766943553774
0.002142217117481884	5.065889849028942e-6	1.0002648533968461
0.002170877774807643	3.5471098542806494e-6	1.000229280425065
0.002199921882191585	2.1941903578055073e-6	1.0001706346665205
0.0022293545698003213	9.835019568898465e-7	1.0000899017863432
0.0022591810364367975	-1.1044377300916898e-7	0.999988379436163
0.0022894065504585853	-1.1144593243224357e-6	0.9998676582624987
0.0023200364507084585	-2.0561332192862328e-6	0.9997295986571477
0.002351076147457396	-2.9632778383788668e-6	0.9995763036005686
0.0023825311233602346	-3.8633820373193595e-6	0.9994100880125766
0.002414406934424075	-4.78307728486203e-6	0.9992334450800581
0.002446709210989676	-5.74762570758573e-6	0.9990490100781498
0.002479443658725943	-6.7804379360663946e-6	0.9988595222378545
0.002512616059637762	-7.902628022242229e-6	0.9986677852397763
0.002546232273087275	-9.132611957738744e-6	0.99847662692878
0.0025802982368288607	-1.0485755486386883e-5	0.9982888588495978
0.0026148199680579255	-1.19740759923454e-5	0.9981072361975784
0.0026498035644737486	-1.360600228019547e-5	0.997934418763209
0.002685255205356549	-1.5386195066853937e-5	0.9977729334244753
0.0027211811526589376	-1.731542999894283e-5	0.997625138708168
0.0027575877521120065	-1.9390544012825272e-5	0.9974931919013966
0.002794481434346181	-2.1604444886437872e-5	0.9973790191486646
0.0028318687160271043	-2.394618290733847e-5	0.9972842889194965
0.0028697562010066794	-2.6401082713495284e-5	0.9972103891774344
0.002908150581489553	-2.8950932562005322e-5	0.997158408525081
0.0029470586392151615	-3.15742275536016e-5	0.9971291215419091
0.002986487246655638	-3.424646269209722e-5	0.9971229784737096
0.0030264433682296987	-3.694047109008784e-5	0.9971400993745603
0.003066934061532816	-3.962680214552692e-5	0.997180272745553
0.0031079664785838078	-4.227413410673279e-5	0.9972429586591549
0.0031495478670881326	-4.4849715113685075e-5	0.9973272963045433
0.0031916855717180888	-4.731982654755634e-5	0.9974321158379098
0.003234387035410107	-4.9650262335211524e-5	0.9975559543724727
0.003277659800679452	-5.180681773716123e-5	0.9976970758960615
0.0033215115109524545	-5.3755781093656114e-5	0.9978534948596777
0.003365949911916626	-5.5464422011726044e-5	0.9980230031383529
0.0034109828528887816	-5.690146954491268e-5	0.998203200026099
0.00345661828820152	-5.803757404663231e-5	0.9983915248899894
0.003502864278608197	-5.884574656787735e-5	0.9985852920743606
0.0035497289927067578	-5.9301769921490556e-5	0.9987817276154447
0.0035972207083825565	-5.938457584991223e-5	0.9989780072994817
0.0036453478142705244	-5.907658311278858e-5	0.9991712955743002
0.003694118811236893	-5.836399175650427e-5	0.9993587848057097
0.003743542313880708	-5.723702934023946e-5	0.9995377343567307
0.0037936270520554888	-5.569014547239292e-5	0.9997055089602576
0.0038443818724111815	-5.3722151655139454e-5	0.9998596158546369
0.0038958157399568076	-5.133630414012201e-5	0.9999977401577909
0.003947937739643954	-4.854032825901238e-5	1.0001177779693036
0.004000757077971514	-4.534638350098557e-5	1.0002178667115877
0.004054283084611832	-4.177096945474982e-5	1.000296412251384
0.0041085252140586675	-3.7834773602923126e-5	1.000352112381355
0.00416349304729715	-3.356246283665766e-5	1.0003839762880824
0.00421919629349613	-2.8982421431868828e-5	1.0003913396873945
0.0042756447917231205	-2.412643907729085e-5	1.0003738753694464
0.004332848512682216	-1.9029353350382e-5	1.0003315989637687
0.004390817560475272	-1.3728651781003858e-5	1.000264869807554
0.004449562174386593	-8.264039306526559e-6	1.0001743868767725
0.004509092730691575	-2.676977488992021e-6	1.0000611798185939
0.004569419744489468	2.989797679877401e-6	0.9999265952026939
0.00463055387156073	8.692772228726115e-6	0.9997722781868861
0.004692505910249161	1.4388157556010473e-5	0.9996001498674729
0.004755286803369294	2.0032393262749114e-5	0.9994123806548062
0.004818907640139222	2.5582642131570877e-5	0.9992113600784241
0.004883379658139367	3.0997270131094774e-5	0.9989996634823497
0.004948714245297383	3.6236304671156634e-5	0.998780016118503
0.005014922941899658	4.1261864801540516e-5	0.9985552551837155
0.005082017442629735	4.603855762108257e-5	0.9983282903732158
0.005150009598633951	5.053383582981874e-5	0.9981020635399315
0.005218911419614785	5.471831209608086e-5	0.9978795080550533
0.005288735075952142	5.856602670427963e-5	0.9976635084608183
0.005359492900853084	6.205466577780965e-5	0.9974568609923192
0.005431197392530257	6.516572821564426e-5	0.9972622355219019
0.005503861216409529	6.788464032232721e-5	0.997082139448476
0.005577497207367093	7.020081793195852e-5	0.996918884015638
0.005652118371996582	7.210767661245512e-5	0.9967745534985472
0.0057277378909064295	7.360259127371309e-5	0.9966509776505065
0.005804369121048026	7.468680718211086e-5	0.9965497077481272
0.0058820255980750235	7.53653049961542e-5	0.9964719965190925
0.005960721038734148	7.564662297868311e-5	0.9964187821805017
0.006040469343288084	7.554264000708441e-5	0.9963906767592771
0.006121284597970682	7.506832339366e-5	0.9963879588095899
0.0062031810774751065	7.424144584458022e-5	0.9964105705867434
0.0062861732474751835	7.308227613056378e-5	0.9964581196826853
0.006370275767180572	7.161324821884392e-5	0.9965298850757561
0.0064555034919260195	6.985861372863274e-5	0.99662482749618
0.006541871475795375	6.784408262576538e-5	0.9967416039602899
0.006629394974280583	6.559645707111694e-5	0.9968785862795096
0.006718089446976379	6.314326328601947e-5	0.9970338833055078
0.006807970560310922	6.051238620037532e-5	0.9972053666305187
0.0068990541903130335	5.773171150841285e-5	0.9973906994216836
0.006991356425416462	5.48287795758971e-5	0.9975873680304376
0.007084893569301591	5.183045542287405e-5	0.9977927159829727
0.007179682143775272	4.8762618748969424e-5	0.9980039799256976
0.007275738891689077	4.5649877674868813e-5	0.9982183270707949
0.0073730807798967095	4.251530954428849e-5	0.9984328936622137
0.007471725002250856	3.938023176623777e-5	0.9986448239619133
0.007571688982640265	3.626400527832243e-5	0.9988513092408187
0.00767299037806733	3.318387277956249e-5	0.9990496262493921
0.007775647081766969	3.0154833417632517e-5	0.999237174639412
0.007879677226367121	2.7189555123529098e-5	0.9994115128124862
0.007985099187091596	2.429832527033605e-5	0.9995703916822465
0.008091931585005794	2.1489039797369946e-5	0.9997117858565808
0.008200193290305738	1.8767230392857585e-5	0.9998339217743032
0.008309903425651263	1.613612877524206e-5	0.9999353023666812
0.008421081369543655	1.3596766564004146e-5	1.0000147278589395
0.008533746759748606	1.1148108695131706e-5	1.000071312379273
0.008647919496764843	8.787217824490178e-6	1.000104496102548
0.008763619747339291	6.509446684875913e-6	1.0001140527221093
0.008880867948029132	4.308654929929793e-6	1.0001000921142615
0.008999684808811652	2.1774466204004423e-6	1.0000630581354615
0.00912009131674226	1.0742419450145105e-7	1.0000037215695785
0.009242108739661574	-1.91054547801436e-6	0.9999231683212966
0.009365758629951969	-3.886057522694412e-6	0.9998227830287267
0.009491062828344488	-5.828892615254378e-6	0.9997042283431702
0.009618043467776677	-7.748742310107265e-6	0.9995694201942346
0.009746722977301933	-9.654940703112933e-6	0.9994204994225885
0.00987712408605132	-1.1556206823011334e-5	0.999259800219957
0.010009269827248207	-1.3460401903459716e-5	0.9990898158640679
0.010143183542276784	-1.5374305375349623e-5	0.9989131622756846
0.010278888884804894	-1.7303413045493347e-5	0.9987325399536444
0.010416409824962083	-1.925176050242761e-5	0.9985506948626643
0.010555770653573528	-2.1221774323751174e-5	0.9983703788570001
0.01069699598645061	-2.321415316311482e-5	0.9981943102211871
0.010840110768738899	-2.522778028010768e-5	0.9980251348977593
0.010985140279324306	-2.7259668553631785e-5	0.9978653889513991
0.011132110135298186	-2.9304938499439237e-5	0.9977174627908482
0.011281046296482172	-3.1356829304412085e-5	0.9975835676344222
0.01143197507001356	-3.340674240229971e-5	0.9974657046637849
0.011584923114992028	-3.544431665457694e-5	0.997365637264878
0.011739917447188544	-3.7457533771406256e-5	0.9972848667049464
0.011896985443817228	-3.9432852215205236e-5	0.9972246115425586
0.012056154848371133	-4.135536747575056e-5	0.9971857910134695
0.012217453775522647	-4.320899629248737e-5	0.9971690125803807
0.012380910716089504	-4.49766821270949e-5	0.9971745637797048
0.012546554542067215	-4.664061895702836e-5	0.9972024084439358
0.012714414511728838	-4.8182490267684354e-5	0.9972521873246226
0.01288452027479297	-4.958371996570495e-5	0.9973232230884786
0.013056901877660888	-5.082573181730025e-5	0.9974145296082131
0.013231589768723753	-5.18902139319957e-5	0.9975248254203054
0.013408614803740823	-5.2759384762842864e-5	0.9976525511742267
0.013588008251289608	-5.341625707817749e-5	0.99779589085176
0.013769801798288977	-5.384489637720965e-5	0.9979527964910438
0.01395402755559609	-5.403067027246773e-5	0.9981210161080764
0.014140718063678311	-5.396048544691218e-5	0.9982981244686157
0.014329906298360907	-5.36230089136964e-5	0.9984815563262583
0.014521625676651708	-5.3008870463083806e-5	0.9986686417080526
0.01471591006264367	-5.2110843375521114e-5	0.9988566427980454
0.014912793773496413	-5.092400071328703e-5	0.9990427919420023
0.015112311585497787	-4.944584477629233e-5	0.9992243302738633
0.01531449874020653	-4.767640762061551e-5	0.9993985464470878
0.015519390950677125	-4.561832089042917e-5	0.999562814942403
0.015727024407767912	-4.327685360330859e-5	0.9997146334186247
0.01593743578653362	-4.065991695236706e-5	0.9998516585754198
0.016150662252703424	-3.7778035641900086e-5	0.9999717400070334
0.01636674146924563	-3.4644285750366595e-5	1.0000729515446214
0.01658571160302026	-3.1274199608358826e-5	1.00015361961158
0.0168076113315206	-2.768563868135858e-5	1.0002123481522283
0.017032479849704917	-2.389863594786247e-5	1.0002480397382678
0.017260356876919642	-1.9935209752607764e-5	1.0002599125097973
0.017491282663915118	-1.581915158118035e-5	1.000247512667439
0.017725297999955245	-1.1575790635329965e-5	1.0002107222984402
0.017962444220022245	-7.2317384769973076e-6	1.0001497623912419
0.018202763212117803	-2.8146173435428397e-6	1.000065190968652
0.01844629742466189	1.6472239921389188e-6	0.9999578963479081
0.0186930898739906	6.1250027421340944e-6	0.9998290856146376
0.018943184151954274	1.0589798805585587e-5	0.9996802684757012
0.019196624433617266	1.5012851408008933e-5	0.9995132367309733
0.01945345548506078	1.936585146908968e-5	0.999330039674997
0.01971372267129006	2.3621225605165967e-5	0.9991329558041298
0.01997747196424736	2.7752407863687226e-5	0.9989244612623279
0.020244749950932138	3.17340955485283e-5	0.9987071955078793
0.0205156038416299	3.554248581963275e-5	0.998483924722793
0.02079008147825112	3.915549012899002e-5	0.9982575035164585
0.02106823134278173	4.255292397716139e-5	0.9980308354945158
0.021350102565846664	4.5716669929317466e-5	0.9978068332729799
0.02163574493538799	4.863081230562818e-5	0.997588378516896
0.021925208905459126	5.12817424464407e-5	0.9973782825722295
0.02221854560513675	5.3658233937032926e-5	0.9971792482407765
0.02251580684755184	5.57514876497473e-5	0.996993833220557
0.022817045139041727	5.755514691397238e-5	0.9968244157004456
0.0231223136884244	5.906528354894099e-5	0.9966731625579441
0.023431666416396994	6.028035588457825e-5	0.9965420005645101
0.02374515796506001	6.120114024673983e-5	0.9964325909549829
0.02406284370756894	6.183063769208778e-5	0.9963463076666944
0.024384779757915028	6.217395804267182e-5	0.996284219501658
0.024711022980836893	6.223818349060639e-5	0.9962470764117112
0.025041631001864753	6.203221421967679e-5	0.9962353000531962
0.02537666221749903	6.156659862488252e-5	0.9962489787041073
0.02571617580552516	6.085335080503737e-5	0.9962878665845502
0.02606023173546632	5.990575806039237e-5	0.9963513875693107
0.026408890779176138	5.873818114971467e-5	0.9964386432314344
0.026762214521573006	5.736585005247307e-5	0.996548425106367
0.027120265371518057	5.580465794452182e-5	0.996679231018851
0.027483106572838662	5.407095603268007e-5	0.9968292852685388
0.027850802215499435	5.2181351807133495e-5	0.9969965624260239
0.02822341724692266	5.015251316249129e-5	0.997178814447942
0.028601017483460202	4.80009807101602e-5	0.9973736007793788
0.028983669622018884	4.574299045746485e-5	0.9975783210728946
0.029371441251841407	4.339430886350115e-5	0.9977902501177497
0.029764400866444884	4.097008209857617e-5	0.9980065745399826
0.030162617875719114	3.848470113365531e-5	0.9982244308046638
0.03056616261818664	3.5951684069164644e-5	0.9984409440268793
0.03097510637342701	3.3383576879175446e-5	0.9986532670781373
0.031389521374667044	3.079187349865488e-5	0.9988586194606628
0.031809480821539726	2.8186955919259646e-5	0.9990543254146872
0.032235058893013674	2.5578054685126004e-5	0.9992378507233791
0.03266633076049565	2.2973229896726908e-5	0.9994068376877482
0.033103372601108405	2.0379372541252454e-5	0.9995591377596402
0.03354626161114605	1.780222567592059e-5	0.9996928413455789
0.033995076019709566	1.5246424700463871e-5	0.9998063043277209
0.0344498951025247	1.271555567160887e-5	0.9998981708900022
0.03491079919594468	1.0212230340817566e-5	0.9999673922882734
0.0353778697111404	7.738176342330665e-6	1.0000132412610743
0.03585118914848024	5.294340726923274e-6	1.0000353218427032
0.03633084111210255	2.8810048330149303e-6	1.000033574410814
0.03681691032468288	4.979083154750949e-7	1.000008275875439
0.03730948264239886	-1.8556199821052726e-6	0.999960034994209
0.037808645070095286	-4.180526720604364e-6	0.9998897828769894
0.03831448577665213	-6.477896785327643e-6	0.9997987588214211
0.038827094110558104	-8.748816502871022e-6	0.9996884916964883
0.03934656061569262	-1.0994239790269242e-5	0.9995607771629245
0.03987297704731889	-1.3214859594323424e-5	0.99941765108529
0.04040643638829097	-1.541098686115124e-5	0.9992613595497403
0.04094703286547771	-1.7582439120756804e-5	0.9990943259521723
0.04149486196640635	-1.972844058299423e-5	0.9989191156635199
0.04205002045612879	-2.1847535424301564e-5	0.9987383988107341
0.04261260639431364	-2.393751570448277e-5	0.9985549117343556
0.04318271915256684	-2.5995365095029002e-5	0.9983714176951424
0.04376045943198398	-2.8017219330786368e-5	0.9981906674045768
0.04434592928093752	-2.999834402074377e-5	0.9980153599463987
0.04493923211310201	-3.193313017655209e-5	0.9978481046402811
0.04554047272572035	-3.381510754395813e-5	0.9976913843747067
0.046149757318114576	-3.563697555686945e-5	0.9975475209049114
0.0467671935104442	-3.739065147977485e-5	0.9974186425749618
0.04739289036271556	-3.9067335064763563e-5	0.9973066548809476
0.048026958394045485	-4.0657588826388324e-5	0.9972132142467366
0.0486695096021827	-4.215143283285981e-5	0.9971397053347714
0.049320657483290335	-4.353845272635193e-5	0.9970872221641726
0.04998051705199328	-4.480791951903083e-5	0.9970565532558303
0.05064920486169354	-4.594891956497932e-5	0.9970481709722543
0.05132683902515754	-4.6950492981175944e-5	0.997062225166869
0.05201353923537879	-4.780177868297414e-5	0.997098541205237
0.0527094267867197	-4.8492164110765514e-5	0.9971566223691083
0.053414624596336245	-4.901143765455589e-5	0.9972356566030494
0.05412925722588927	-4.9349941732076934e-5	0.9973345275137386
0.05485345090354628	-4.949872444405129e-5	0.9974518294830159
0.055587333546277574	-4.944968771796031e-5	0.9975858867082225
0.056331034782450676	-4.919572985984529e-5	0.9977347759369785
0.057084685974727115	-4.8730880463571364e-5	0.9978963526188634
0.057848420243265364	-4.805042567970219e-5	0.9980682801532414
0.05862237248923451	-4.7151021923168226e-5	0.9982480618716714
0.059406679418642236	-4.6030796201510414e-5	0.9984330753546745
0.060201479566481704	-4.4689431374841255e-5	0.9986206086474828
0.06100691332120154	-4.312823481560523e-5	0.9988078979074387
0.061823122949503116	-4.13501891211064e-5	0.9989921659884715
0.06265025262146966	-3.935998374435294e-5	0.9991706614459814
0.06348844843603152	-3.716402664797099e-5	0.999340697428961
0.0643378584467722	-3.4770435349947025e-5	0.9994996899169665
0.06519863268807953	-3.218900701587677e-5	0.9996451947573143
0.06607092320164686	-2.943116755645262e-5	0.9997749429640097
0.06695488406332872	-2.65099000063656e-5	0.9998868737546244
0.06785067141035571	-2.3439652785953168e-5	0.9999791648248889
0.06875844346891374	-2.0236228773427456e-5	1.0000502593936746
0.06967836058209202	-1.691665643630841e-5	1.0000988895925118
0.07061058523820501	-1.349904457846142e-5	1.0001240958241426
0.07155528209949341	-1.000242254630186e-5	1.000125241772736
0.07251261803120895	-6.446567997016233e-6	1.0001020248135315
0.07348276213108851	-2.8518245560928285e-6	1.0000544816405608
0.07446588575922239	7.610881250944117e-7	0.9999829890066768
0.07546216256832232	4.371269263649665e-6	0.9998882595481392
0.07647176853439434	7.957834056380263e-6	0.9997713327455979
0.07749488198782209	1.1500110238444455e-5	0.9996335611522409
0.07853168364486603	1.4977831339395633e-5	0.9994765920962022
0.07958235663958377	1.8371323959311807e-5	0.9993023451371676
0.08064708655617807	2.166168651153025e-5	0.9991129856238112
0.08172606146177695	2.4830957049993425e-5	0.998910894758904
0.08281947193965286	2.7862268013420354e-5	0.9986986366305991
0.08392751112288596	3.0739985969434676e-5	0.9984789227114106
0.08505037472847803	3.344983472259792e-5	0.998254574359396
0.08618826109192261	3.597900045347041e-5	0.9980284838793743
0.08734137120223776	3.8316217873689864e-5	0.9978035747150008
0.08850990873746745	4.045183670680337e-5	0.9975827613459851
0.089694080100658	4.237786812871589e-5	0.9973689094587103
0.09089409445631574	4.408801111822651e-5	0.9971647969437158
0.09211016376735263	4.557765897089345e-5	0.996973076251236
0.09334250283252578	4.684388651308181e-5	0.9967962386063464
0.09459132932437841	4.788541881310336e-5	0.9966365805501933
0.09585686382768809	4.870258241955407e-5	0.9964961732334465
0.0971393298784293	4.929724036097354e-5	0.9963768348442235
0.0984389540032575	4.967271231452455e-5	0.9962801065057846
0.09975596575952139	4.9833681494151695e-5	0.996207231930086
0.10109059777581039	4.978608992106531e-5	0.9961591410631142
0.10244308579304473	4.953702382248283e-5	0.9961364379065335
0.10381366870611518	4.909459095999823e-5	0.9961393926489386
0.10520258860607992	4.8467791718656125e-5	0.9961679381885233
0.10661009082292608	4.766638579400037e-5	0.996221671078214
0.10803642396890312	4.6700756299241715e-5	0.996299856873656
0.1094818399824362	4.558177308043846e-5	0.9964014398150145
0.11094659417262703	4.432065697624514e-5	0.9965250567242968
0.11243094526434987	4.2928846692112567e-5	0.9966690549520223
0.11393515544395123	4.141786987838341e-5	0.9968315141597828
0.11545949040556076	3.979921990871447e-5	0.9970102716793589
0.11700421939802172	3.8084239750652535e-5	0.99720295114439
0.11856961527244939	3.628401420468272e-5	0.9974069940479395
0.12015595453042584	3.4409271662205733e-5	0.9976196938384998
0.12176351737283926	3.2470296397069675e-5	0.997838232129294
0.12339258774937704	3.0476852259894104e-5	0.9980597165612277
0.12504345340868073	2.8438118489885375e-5	0.9982812198296601
0.12671640594917216	2.6362638195798325e-5	0.9984998193599396
0.12841174087055954	2.4258279886922104e-5	0.9987126370970747
0.13012975762603265	2.2132212257621243e-5	0.9989168788624357
0.13187075967515624	1.9990892246543203e-5	0.9991098727248232
0.13363505453747146	1.7840066205905682e-5	0.9992891058363726
0.1354229538468139	1.5684783829683727e-5	0.9994522591951768
0.13723477340635876	1.3529424304490432e-5	0.9995972398174542
0.13907083324440217	1.1377733966569925e-5	0.9997222098320273
0.14093145767088924	9.232874575670753e-6	0.9998256120492003
0.14281697533469767	7.0974811549939485e-6	0.9999061916042433
0.14472771928168865	4.973728199243555e-6	0.9999630133322397
0.14666402701353368	2.863402923271911e-6	0.9999954745946967
0.14862624054732881	7.679841148902535e-7	1.000003313348454
0.15061470647600642	-1.3112749302333325e-6	0.9999866113223135
0.15262977602955505	-3.3732609739873526e-6	0.9999457922449304
0.15467180513705853	-5.416914517270135e-6	0.9998816151474542
0.1567411544895651	-7.441144218766358e-6	0.9997951628438941
0.15883818960379742	-9.444743649867139e-6	0.9996878257700899
0.1609632808867153	-1.1426311934618007e-5	0.999561281436211
0.1631168037009418	-1.3384179747428909e-5	0.9994174698167096
0.16529913843106528	-1.5316342040784358e-5	0.999258565063758
0.16751067055082755	-1.7220398752819912e-5	0.9990869439848225
0.1697517906912121	-1.9093504603269046e-5	0.9989051517705558
0.1720228947094423	-2.093232892927161e-5	0.9987158654953434
0.17432438375890316	-2.273302634325062e-5	0.9985218559392464
0.17665666435999872	-2.4491218817133487e-5	0.9983259482964836
0.17902014847195696	-2.6201989614095825e-5	0.9981309823422152
0.18141525356559574	-2.7859889304068677e-5	0.9979397726267492
0.1838424026970623	-2.9458953915534428e-5	0.9977550692547711
0.18630202458255918	-3.0992735096398504e-5	0.9975795197880944
0.1887945536740698	-3.245434198322829e-5	0.9974156327837274
0.19132043023609743	-3.3836494312860595e-5	0.9972657434467826
0.19388010042343073	-3.513158615473772e-5	0.9971319818400872
0.19647401635994943	-3.633175949742507e-5	0.9970162440506362
0.19910263621848506	-3.74289867893465e-5	0.9969201666680595
0.20176642430174935	-3.841516141228318e-5	0.996845104882883
0.20446585112434582	-3.928219495681538e-5	0.9967921144632322
0.2072013934958785	-4.00221200718417e-5	0.9967619378185156
0.20997353460517254	-4.062719757551856e-5	0.996754994307668
0.21278276410562158	-4.109002644262183e-5	0.9967713748985044
0.21562957820167705	-4.140365522355197e-5	0.9968108412336417
0.21851447973649463	-4.156169340336849e-5	0.9968728291075512
0.2214379782807531	-4.15584211758574e-5	0.9969564563087088
0.2244005902226619	-4.1388896088448185e-5	0.9970605347308099
0.22740283885917248	-4.1049055009787584e-5	0.9971835866074235
0.2304452544884101	-4.053580988399254e-5	0.9973238646756372
0.23352837450334257	-3.9847135765369446e-5	0.9974793760264811
0.23665274348670176	-3.8982149675971196e-5	0.9976479093531376
0.23981891330717522	-3.7941178896965094e-5	0.9978270652629921
0.24302744321688485	-3.6725817394663895e-5	0.9980142892765619
0.2462788999501696	-3.5338969193922315e-5	0.998206907096142
0.24957385782368965	-3.3784877646041366e-5	0.9984021616900766
0.25291289883787044	-3.206913969527899e-5	0.9985972517059358
0.2562966127797032	-3.0198704426984833e-5	0.9987893706982374
0.2597255973269213	-2.8181855379957922e-5	0.9989757466345889
0.26320045815357024	-2.602817632392181e-5	0.999153681129151
0.26672180903699017	-2.3748500437203762e-5	0.9993205878451115
0.2702902719662292	-2.135484306631638e-5	0.9994740295086832
0.27390647725190814	-1.8860318503927607e-5	0.9996117529871402
0.27757106363755435	-1.627904147980086e-5	0.9997317219026435
0.28128467841242527	-1.3626014315375165e-5	0.9998321462823081
0.2850479775258414	-1.0917000940992158e-5	0.9999115087830835
0.2888616257030494	-8.168389209568558e-6	0.9999685870773513
0.2927262965626344	-5.397043155907455e-6	1.0000024720407283
0.29664267273550415	-2.620147041391489e-6	1.0000125814469043
0.30061144598546446	1.449568156052747e-7	0.9999986689440202
0.3046333173314079	2.8809342968688857e-6	0.9999608281616919
0.30870899717113737	5.570627613701909e-6	0.9998994918760319
0.3128392054068464	8.197223044615866e-6	0.9998154262400224
0.3170246715722776	1.0744416010490503e-5	0.9997097201663105
0.3212661349615835	1.3196571250937985e-5	0.9995837700279966
0.3255643447599106	1.5538875940875066e-5	0.9994392599174583
0.3299200601757303	1.775748370001593e-5	0.9992781377730692
0.33433405057494103	1.9839647597085543e-5	0.9991025877468117
0.3388070956167642	2.1773840430910337e-5	0.9989149992413212
0.3433399853914579	2.354986077750563e-5	0.9987179330918213
0.3479335205598736	2.5158923520559267e-5	0.9985140854059178
0.3525885124948801	2.6593733826861047e-5	0.9983062496024354
0.35730578342467884	2.7848543782547252e-5	0.998097277208357
0.3620861665780371	2.8919191165158148e-5	0.9978900379818222
0.36693050633146457	2.9803120085143732e-5	0.9976873799283772
0.37183965835835847	3.049938348394898e-5	0.9974920897684959
0.37681448978014404	3.1008627719921566e-5	0.997306854397384
0.38185587931943765	3.133305970451957e-5	0.997134223854023
0.38696471745525884	3.147639726675738e-5	0.9969765762862501
0.3921419065803185	3.144380362133566e-5	0.9968360853635334
0.39738836116041215	3.12418069939349e-5	0.9967146905494504
0.4027050078959452	3.087820661473069e-5	0.996614070603348
0.4080927858856194	3.0361966427911072e-5	0.9965356206349925
0.41355264679230946	2.9703097980792787e-5	0.9964804329888262
0.4190855550111585	2.8912534051354003e-5	0.9964492821857768
0.42469248783992275	2.800199464811792e-5	0.99644261410092
0.4303744356515952	2.698384707198473e-5	0.9964605395050719
0.4361324020693392	2.5870961766462187e-5	0.9965028320478664
0.44196740414376107	2.4676565701393317e-5	0.9965689307091539
0.4478804725325567	2.3414095036324953e-5	0.9966579466946688
0.4538726516825596	2.2097048793439618e-5	0.996768674701239
0.4599450000142253	2.073884523687572e-5	0.9968996084261321
0.4660985901085845	1.93526826053998e-5	0.9970489601448678
0.4723345088966968	1.7951405778934757e-5	0.997214684132109
0.47865385785163894	1.6547380376411896e-5	0.9973945036512323
0.4850577531830625	1.515237568294437e-5	0.9975859411907265
0.49154732603435375	1.3777457688577395e-5	0.9977863515795347
0.4981237226824317	1.2432893389220525e-5	0.9979929575702956
0.5047881047402194	1.1128067353419534e-5	0.9982028874391722
0.5115416493618237	9.871411397290904e-6	0.998413214114963
0.5183855494504598	8.67034803546785e-6	0.99862099531895
0.5253210138691591	7.53124819002547e-6	0.9988233141720734
0.5323492676542945	6.459403444128488e-6	0.9990173197074047
0.5394715522319625	5.459012925179447e-6	0.9992002667155758
0.5466891256372621	4.533184696452886e-6	0.999369554348868
0.5540032627365052	3.683951329961882e-6	0.9995227629167943
0.5614152554524009	2.9122991301851644e-6	0.9996576883229752
0.5689264129922529	2.21821028215056e-6	0.9997723736198512
0.5765380620792094	1.6007170120991372e-6	0.9998651371943852
0.584251547186607	1.0579666783987885e-6	0.9999345971440159
0.59206823077545	5.872965582308153e-7	0.9999796914571011
0.5999894935350668	1.853169651771109e-7	0.9999996936752297
0.6080167346269861	-1.5199877291130195e-7	0.9999942237844324
0.616151371932076	-4.292190251278101e-7	0.9999632541578849
0.6243948423009893	-6.513548572853368e-7	0.9999071104516285
0.6327486018079598	-8.23758940258424e-7	0.9998264674363077
0.641214126007994	-9.520239777415669e-7	0.99972233982939
0.6497929101975036	-1.0418822260555237e-6	0.9995960682727106
0.6584864696784254	-1.0991076128114799e-6	0.9994493006768462
0.6672963400258745	-1.129421869936221e-6	0.9992839692262019
0.6762240773593782	-1.1384059825323402e-6	0.9991022634042009
0.68527125861774	-1.1314181215769305e-6	0.9989065994563959
0.694439481837579	-1.1135190791807266e-6	0.9986995867588903
0.7037303664355973	-1.0894060639558479e-6	0.9984839916000082
0.7131455534946238	-1.063355544925264e-6	0.998262698913969
0.7226867060534845	-1.0391756593114748e-6	0.9980386725263791
0.7323555094007506	-1.020168526218084e-6	0.9978149144828352
0.7421536713724178	-1.0091026381216077e-6	0.9975944240341825
0.7520829226535677	-1.0081953383249838e-6	0.9973801568453732
0.7621450170840639	-1.0191052377166966e-6	0.9971749849805589
0.7723417319683408	-1.0429342804540167e-6	0.9969816581955375
0.782674868389334	-1.0802390372187235e-6	0.9968027670408062
0.7931462515266124	-1.1310506875753147e-6	0.9966407082456438
0.8037577309787673	-1.194903050371607e-6	0.9964976528161157
0.8145111810901126	-1.2708679333373588e-6	0.996375517238973
0.8254085012817571	-1.3575969998815412e-6	0.9962759381397621
0.8364516163871073	-1.453369292238525e-6	0.9962002506974235
0.8476424769918564	-1.5561435048985847e-6	0.9961494710702848
0.8589830597785242	-1.6636140699768064e-6	0.9961242830396267
0.8704753678756054	-1.773270095989961e-6	0.9961250290273621
0.88212143121139	-1.8824561926506775e-6	0.9961517055942999
0.8939233068725159	-1.9884342159681223e-6	0.9962039634745603
0.9058830794673206	-2.0884449795324733e-6	0.9962811121507071
0.9180028614940529	-2.1797689988076013e-6	0.9963821289227127
0.9302847937140107	-2.259785365153289e-6	0.9965056723722587
0.9427310455296726	-2.3260278848658983e-6	0.996650100072136
0.9553438153678856	-2.3762376655949817e-6	0.9968134903392062
0.9681253310681832	-2.4084113879261437e-6	0.9969936677782321
0.9810778502762956	-2.4208445637111063e-6	0.9971882323139162
0.9942036608429259	-2.41216915472074e-6	0.9973945913600355
1.007505081227862	-2.3813850052959464e-6	0.9976099947279544
1.0209844609094951	-2.3278846305773535e-6	0.9978315718335707
1.0346441807998148	-2.251470997160657e-6	0.9980563707221051
1.0484866536649602	-2.1523680349906743e-6	0.9982813983952116
1.0625143245513946	-2.031223727056457e-6	0.9985036618962562
1.0767296712177832	-1.8891057357824234e-6	0.9987202095870131
1.0911352045726483	-1.727489640465664e-6	0.9989281720350422
1.1057334691178815	-1.5482399769488446e-6	0.9991248019248886
1.1205270433981864	-1.353584386957133e-6	0.9993075124100504
1.135518540456538	-1.1460812980056972e-6	0.9994739133358035
1.150710608295733	-9.28581663208069e-7	0.9996218447866554
1.1661059303461168	-7.04185391314533e-7	0.9997494074457203
1.1817072259395671	-4.761931885994316e-7	0.9998549892969073
1.1975172507898202	-2.480546135659654e-7	0.9999372882535796
1.2135387974792213	-2.3313210895377196e-8	0.9999953303586839
1.2297746959519906	1.9445035905755433e-7	1.000028483269873
1.2462278140140846	4.0167624593168115e-7	1.0000364648178088
1.2629010578397484	5.948834256503234e-7	1.0000193465046252
1.2797973724848433	7.707268456734769e-7	0.9999775518911668
1.2969197424070429	9.260527584490662e-7	0.9999118499040797
1.3142711919929895	1.0579513405632904e-6	0.9998233431751617
1.3318547860925005	1.1638057496633462e-6	0.9997134516042129
1.3496736305599266	1.2413368405446463e-6	0.9995838914108278
1.3677308728027484	1.2886428439980908e-6	0.9994366500090143
1.3860297023375145	1.3042334048812418e-6	0.9992739570997666
1.4045733513532188	1.2870574770813077e-6	0.9990982524296705
1.4233650952822121	1.236524680067421e-6	0.9989121507077169
1.4424082533787552	1.1525198321011306e-6	0.9987184042072232
1.4617061893053096	1.0354104865192926e-6	0.9985198636046146
1.481262311726674	8.860474075440766e-7	0.9983194376225345
1.5010800749120705	7.057580288313732e-7	0.9981200520508463
1.5211629793452817	4.963330397024146e-7	0.997924608716866
1.5415145723429566	2.6000633930525343e-7	0.9977359449655315
1.5621384486811856	-5.713132865399671e-10	0.9975567941927448
1.5830382512304577	-2.8236454553555513e-7	0.9973897479508201
1.6042176715991154	-5.819910362517263e-7	0.9972372201155064
1.6256804507854163	-8.957640587473642e-7	0.9971014135697814
1.6474303798383187	-1.2197393094679814e-6	0.996984289821341
1.66947130052711	-1.5497653850451194e-6	0.9968875419294727
1.6918071060199906	-1.8815372349039837e-6	0.9968125710731749
1.7144417415717397	-2.210651888690279e-6	0.9967604670463416
1.7373792052205794	-2.532665737458193e-6	0.9967319929184886
1.7606235484943633	-2.843152634388245e-6	0.9967275740504006
1.7841788771262117	-3.137762074473908e-6	0.9967472916042981
1.8080493517797231	-3.4122767128996593e-6	0.9967908806369269
1.8322391887838874	-3.662668488652294e-6	0.9968577328123124
1.8567526608778304	-3.885152633253463e-6	0.996946903718046
1.881594097965525	-4.076238864532889e-6	0.9970571247159009
1.9067678878805963	-4.232779092284452e-6	0.9971868192036469
1.9322784771613613	-4.352010996755669e-6	0.9973341231109383
1.9581303718362377	-4.431596882527174e-6	0.9974969093982836
1.9843281382196591	-4.469657259728506e-6	0.9976728162747642
2.010876403718641	-4.464798661905854e-6	0.9978592787979889
2.0377798576501354	-4.41613527532955e-6	0.9980535634696832
2.065043252069322	-4.323304027960762e-6	0.9982528053927116
2.0926714026089828	-4.186472867424629e-6	0.9984540475116975
2.120669189330102	-4.006342045545308e-6	0.9986542814204569
2.149041557583852	-3.7841383214568226e-6	0.9988504891861615
2.1777935188851063	-3.521602094827839e-6	0.9990396856141339
2.206930151797643	-3.2209675839022586e-6	0.999218960358528
2.2364566028311903	-2.884936268099365e-6	0.9993855192749679
2.2663780873504713	-2.5166439199041644e-6	0.9995367244111097
2.296699890496416	-2.119621653530682e-6	0.9996701320413782
2.3274273681196918	-1.697751516102746e-6	0.9997835281731559
2.3585659477267296	-1.2552172385586783e-6	0.999874960982714
2.390121129438403	-7.964508458867788e-7	0.9999427696812598
2.4220984869615325	-3.2607589750846166e-7	0.9999856093626537
2.454503668573395	1.511518132421448e-7	1.0000024714448779
2.4873423981193943	6.304052281348293e-7	0.999992699385648
2.5206204760240873	1.106847761581959e-6	0.9999559994269308
2.554343780315733	1.5756948958205056e-6	0.9998924462028307
2.5885182676645533	2.0322747289319703e-6	0.9998024831275757
2.6231499744348756	2.4720865937843957e-6	0.9996869175642076
2.6582450177513635	2.890856905013045e-6	0.9995469108576244
2.6938095965795035	3.2845914452601213e-6	0.9993839633963284
2.7298499928205517	3.6496233695393268e-6	0.9991998949436919
2.766372572421129	3.9826562859704e-6	0.998996820550567
2.803383786497663	4.280801860103633e-6	0.998777122424843
2.840890172475869	4.54161148639637e-6	0.9985434181894319
2.8788983552454814	4.763101671708939e-6	0.998298526007315
2.9174150483304326	4.943772879644655e-6	0.9980454270898299
2.956447055074686	5.0826216888683106e-6	0.9977872261326849
2.9960012698439353	5.179146221118967e-6	0.997527110242961
3.036084679243384	5.233344893578015e-6	0.997268306929683
3.0767043633518103	5.245708643963838e-6	0.9970140417316506
3.117867496972152	5.217206863865923e-6	0.9967674960488482
3.1595813508988155	5.1492673553762565e-6	0.9965317657293581
3.2018532932019426	5.043750697337295e-6	0.9963098209428509
3.2446907905288613	4.902919470055829e-6	0.9961044678452093
3.2881014094229455	4.729402840969479e-6	0.9959183125076171
3.3320928176601226	4.526157058562416e-6	0.9957537275483983
3.376672785603257	4.296422438016215e-6	0.9956128218672311
3.421849187574662	4.043677450028179e-6	0.9954974138404412
3.467630003246969	3.771590544354399e-6	0.995409008292694
3.514023319052606	3.4839703524131188e-6	0.995348777515171
3.5610373296121307	3.184714919185113e-6	0.9953175465539139
3.6086803391816824	2.877760614081916e-6	0.9953157829435845
3.656960763119785	2.5670313637923588e-6	0.9953435910129823
3.70588712937379	2.256388837628117e-6	0.9954007108377185
3.7554680799861955	1.949584197760261e-6	0.9954865218642163
3.8057123726211204	1.6502120030786065e-6	0.9956000511761235
3.856628882111206	1.3616668262349919e-6	0.9957399863208403
3.9082266020252083	1.0871031087431736e-6	0.9959046925593078
3.960514646256562	8.293987387505595e-7	0.9960922343476271
4.013502250633206	5.911227902464429e-7	0.9963004008041622
4.067198774548937	3.7450781104434634e-7	0.9965267348618089
4.121613702616598	1.8142698996896486e-7	0.9967685657522951
4.176756646343375	1.3376471527322497e-8	0.9970230444187823
4.2326373458285165	-1.2853698069035778e-7	0.9972871814056272
4.289265671483758	-2.436028419933033e-7	0.9975578867309275
4.346651625776773	-3.3150815100383113e-7	0.9978320112096035
4.404805344997948	-3.923333231278793e-7	0.9981063886632526
4.463737101050785	-4.2654255478280864e-7	0.9983778784292057
4.523457303266268	-4.349689993458717e-7	0.9986434075657488
4.583976500241506	-4.1879497378528593e-7	0.9989000121445681
4.645305381702962	-3.795275301029084e-7	0.9991448770257126
4.707454780394625	-3.1896979644032876e-7	0.9993753735248074
4.770435673991434	-2.391885573736595e-7	0.9995890944080428
4.834259187038307	-1.4247859999666435e-7	0.9997838856860257
4.898936592915105	-3.132440046115915e-8	0.9999578747241972
4.964479315827899	9.164023651677324e-8	1.0001094942427782
5.030898932826855	2.2367394604166048e-7	1.0002375018434932
5.098207175851148	3.6197032542353513e-7	1.0003409947713404
5.166415933801204	5.037005541710938e-7	1.0004194196964158
5.235537254638686	6.460554649650396e-7	1.000472577381594
5.305583347514567	7.862864406729268e-7	1.000500622184451
5.376566584925679	9.217445454230353e-7	1.000504056425084
5.448499504900107	1.0499173409886038e-6	1.0004837197329586
5.521394813211835	1.1684628920068703e-6	1.000440773564192
5.595265385625006	1.2752405234025073e-6	1.0003766811542196
5.67012427016822	1.3683379591783301e-6	1.000293183238112
5.74598468943925	1.4460945417602847e-6	1.0001922699306867
5.822860042940604	1.5071203035975144e-6	1.0000761492103623
5.90076390944632	1.5503107360027471e-6	0.9999472124936444
5.979710049400441	1.5748571726674014e-6	0.999807997820798
6.059712407347572	1.5802527754059986e-6	0.99966115119802
6.140785114395951	1.5662941762053777e-6	0.99950938665663
6.222942490713482	1.5330788914755022e-6	0.9993554455970545
6.30619904805716	1.480998680682297e-6	0.9992020559836113
6.390569492336328	1.4107290716670435e-6	0.9990518919477447
6.476068726210246	1.3232153185385581e-6	0.9989075343415883
6.562711851720393	1.2196550948866177e-6	0.9987714327622664
6.650514172958001	1.101478255237889e-6	0.9986458695407563
6.73949119876727	9.703240213296898e-7	0.9985329261577276
6.829658645484756	8.280159672410568e-7	0.9984344525137845
6.921032439715392	6.765351890841588e-7	0.9983520394431907
7.013628721145682	5.1799205131755e-7	0.9982869948187976
7.107463845394496	3.545969032626706e-7	0.9982403235523466
7.202554386902031	1.8863015661313417e-7	0.998212711748434
7.298917141857414	2.241210806495357e-8	0.9982045152222976
7.396569131165471	-1.4172711888945248e-7	0.998215752542233
7.4955276034531915	-3.0147715212364766e-7	0.9982461027054922
7.595810038116421	-4.5457612404553454e-7	0.9982949075036391
7.697434148407309	-5.988382732968083e-7	0.9983611785785044
7.80041788456306	-7.321800893518793e-7	0.998443609113795
7.904779436976556	-8.526447174927031e-7	0.9985405900503908
8.01053723940939	-9.584243669146595e-7	0.998650230655546
8.117709972247884	-1.0478804921256736e-6	0.998770383218172
8.22631656580268	-1.1195615472653778e-6	0.9988986715851268
8.336376203652469	-1.1722181444250629e-6	0.9990325231970454
8.447908326032453	-1.2048154803705518e-6	0.9991692042283885
8.560932633268145	-1.2165429310811416e-6	0.999305857385678
8.675469089255117	-1.2068207499833881e-6	0.9994395418714316
8.791537924985278	-1.175303843332328e-6	0.9995672749804445
8.90915964212037	-1.1218826344772623e-6	0.9996860747609946
9.028355016613236	-1.0466810672272055e-6	0.9997930031470833
9.14914510237756	-9.500518366360863e-7	0.9998852089502955
9.27155123500669	-8.325689726010795e-7	0.9999599700922099
9.395595035542225	-6.950179370310479e-7	1.0000147344606112
9.521298414293023	-5.3838342826884e-7	1.0000471587864617
9.64868357470529	-3.6383511624304125e-7	1.0000551449626962
9.777773017284462	-1.727115577966391e-7	1.000036873261215
9.908589543569548	3.349743681253456e-8	0.9999908319499914
10.041156260160651	2.5316969864447275e-7	0.9999158428671818
10.175496582800374	4.845705571962081e-7	0.9998110825727364
10.311634240509816	7.258733554197849e-7	0.999676098768679
10.44959327977994	9.751803182285705e-7	0.9995108217554272
10.589398068818952	1.230543475830745e-6	0.9993155707716417
10.731073301856588	1.4899853544260726e-6	0.9990910551471784
10.874644003505928	1.7515191630867976e-6	0.9988383702808986
11.02013553318358	2.0131682264973424e-6	0.9985589885359382
11.167573589589015	2.2729844380188365e-6	0.9982547452218544
11.316984215243815	2.5290655355455228e-6	0.99792781990581
11.468393801091668	2.7795710330267263e-6	0.997580713360535
11.621829091159885	3.0227366725145483e-6	0.9972162205157363
11.777317187283304	3.2568872943085474e-6	0.9968373998297135
11.93488555389138	3.4804480554034364e-6	0.9964475395397626
12.094562022859336	3.6919539582195654e-6	0.9960501212822594
12.2563747984242	3.890057681827981e-6	0.9956487815969693
12.420352462166615	4.07353573596721e-6	0.9952472718446118
12.586523978059331	4.24129298358987e-6	0.9948494170730544
12.754918697583198	4.392365600100698e-6	0.9944590743659106
12.925566364911637	4.525922556583461e-6	0.9940800911987153
13.098497122164446	4.641265730018505e-6	0.9937162643129082
13.27374151473193	4.737828755725977e-6	0.9933712995975075
13.451330496670233	4.815174746088256e-6	0.9930487734433656
13.631295436168875	4.872993005157919e-6	0.9927520960058528
13.813668121091418	4.911094871262627e-6	0.9924844767798536
13.998480764590282	4.92940881944658e-6	0.9922488928560431
14.18576601079667	4.927974952863411e-6	0.9920480601905785
14.375556940586623	4.906939007393028e-6	0.9918844081817092
14.56788707742419	4.866545987158928e-6	0.9917600578064777
14.762790393282845	4.8071335406251664e-6	0.9916768035293826
14.960301314646047	4.729125177903245e-6	0.9916360991517725
15.160454728588123	4.633023420128893e-6	0.9916390477271065
15.363285988936505	4.519402961577702e-6	0.9916863956217081
15.568830922516398	4.388903914853479e-6	0.9917785307544283
15.777125835479008	4.242225199241629e-6	0.9919154850011872
15.988207519714429	4.08011812237803e-6	0.9920969407017594
16.202113259350323	3.9033801959073764e-6	0.9923222411569336
16.418880837337564	3.71284921693314e-6	0.9925904049545577
16.638548542123964	3.5093976388848643e-6	0.9929001439130368
16.86115517441732	3.2939272480270996e-6	0.99324988438171
17.08674005403888	3.0673641552371046e-6	0.9936377915896698
17.315343026868618	2.830654106907775e-6	0.9940617966884612
17.547004471883294	2.5847581138757374e-6	0.994519626091347
17.781765308288776	2.330648393106372e-6	0.9950088326728606
18.019667002747727	2.06930461344528e-6	0.9955268283583455
18.26075157670403	1.8017104340143515e-6	0.9960709176052686
18.50506161380517	1.5288503217247267e-6	0.9966383312572685
18.75264026742397	1.2517066328305513e-6	0.9972262602386349
19.003531268280884	9.712569423800738e-7	0.9978318885525441
19.257778932168353	6.884716047614583e-7	0.9984524250510389
19.515428167778452	4.0431152821673867e-7	0.9990851334588364
19.776524484635274	1.1972614613769563e-7	0.9997273601566856
20.041114001133423	-1.6434843189939304e-7	1.0003765592632639
20.30924345268412	-4.469911061167316e-7	1.0010303145963255
20.580960199970214	-7.272973259091795e-7	1.0016863581443065
20.85631223731168	-1.0043804985454255e-6	1.0023425847369567
21.135348201143042	-1.27737328266866e-6	1.0029970626672131
21.418117378604187	-1.5454287816034178e-6	1.0036480400850514
21.704669716246134	-1.8077216510174228e-6	1.0042939470556316
21.995055828853296	-2.063449135041685e-6	1.0049333932478572
22.289327008383726	-2.311832044514336e-6	1.0055651612931173
22.587535233029026	-2.5521156905707516e-6	1.0061881959267678
22.889733176395424	-2.7835707863396327e-6	1.0068015890948496
23.19597421680774	-3.0054943289970556e-6	1.0074045612746858
23.506312446737724	-3.217210473855747e-6	1.007996439319065
23.82080268235869	-3.4180714114971563e-6	1.0085766311888644
24.139500473227848	-3.6074582581634335e-6	1.0091445979874478
24.462462112098237	-3.784781968688633e-6	1.0096998237514352
24.789744644861916	-3.949484280143132e-6	1.010241783486205
25.12140588062619	-4.101038693069132e-6	1.0107699099607224
25.45750440192465	-4.238951495689355e-6	1.0112835597946648
25.798099575064796	-4.362762834762152e-6	1.0117819793820115
26.14325156061416	-4.472047834836987e-6	1.0122642711990095
26.49302132402666	-4.5664177655373086e-6	1.0127293610414831
26.847470646411153	-4.64552125417984e-6	1.013175966726776
27.206662135444088	-4.709045538549566e-6	1.0136025687799133
27.570659236428053	-4.7567177520227764e-6	1.0140073836019086
27.939526243498445	-4.788306230501927e-6	1.0143883395911013
28.313328310979916	-4.80362182784765e-6	1.0147430566558204
28.692131464894835	-4.802519223719025e-6	1.0150688295193642
29.076002614625718	-4.784898205026854e-6	1.0153626151759882
29.465009564733645	-4.750704899638006e-6	1.0156210248094097
29.859221026934858	-4.6999329386149835e-6	1.0158403204339415
30.25870663223755	-4.63262452121474e-6	1.016016416462404
30.66353694324104	-4.548871355181696e-6	1.0161448863447295
31.07378346659951	-4.448815443636048e-6	1.0162209743574804
31.48951866565248	-4.332649689150244e-6	1.0162396125568338
31.910815973224285	-4.200618285498072e-6	1.0161954428374156
32.337749804594736	-4.0530168681101505e-6	1.0160828439667782
32.77039557064343	-3.890192395523475e-6	1.0158959633912925
33.20882969116982	-3.7125427361056365e-6	1.0156287535349973
33.653129608391495	-3.520515937075156e-6	1.0152750122393956
34.10337380062313	-3.3146091563246827e-6	1.0148284269210281
34.55964179613837	-3.0953672417474876e-6	1.0142826219559284
35.02201418721718	-2.863380947619589e-6	1.0136312087377677
35.490572644381196	-2.6192847830147892e-6	1.012867837801045
35.96539993081946	-2.3637544931290706e-6	1.0119862523535303
36.446579917007185	-2.0975041806349987e-6	1.0109803425251065
36.934197595520125	-1.821283080633413e-6	1.0098441996144631
37.4283390960471	-1.5358720092583635e-6	1.008572169601702
37.92909170060336	-1.2420795123526204e-6	1.0071589051949876
38.43654385894764	-9.40737746691102e-7	1.0055994156934367
38.950785204205246	-6.326981318160605e-7	1.0038891139762134
39.47190656870034	-3.1882681549783434e-7	1.0020238599697755
39.99999999999999	-6.330456092531539e-21	1.0
