1.5338096079707941
-0.9543114433481512
-0.012575737166312502
-0.6421470091161358
-0.11843684258453811
-1.1233290949762325
0.5857852119360532
-1.3952304857859275
-0.7197660015491456
2.143476296855132
-0.29487494532539243
-0.7131238600453749
0.13233041435417373
0.5980794868125875
-0.36203005193308047
-0.9675572210425623
1.4874909301523598
-0.7864884534248935
0.6834654549917835
0.17516301885625082
-0.317490995423995
-1.6911876541669546
-0.3889564427305195
0.08190733120291274
-1.1547105369571544
1.6325122508432406
-1.1965243208905292
0.14954845030776634
-1.3306778876880991
-0.21922420241393706
0.28200931382837846
-0.9252453739345622
1.5498557120039493
-0.31873364148101313
-0.13121498566997764
0.2703359546539604
0.4774846850335798
-1.1511203570163908
-0.4448494320483458
-0.09572176841164393
2.9557733471931282
-0.3933585449928733
0.3568456867424839
-0.5439859225262116
0.4774780542517392
0.46321393710405795
-0.33508440150749436
-0.3079123473817893
0.021778414473123717
0.28236814774622
1.207665284536675
-0.34978249776784
0.5842848584203554
-0.5694029337290288
0.3575381535559922
-0.493985558935423
-0.4541246835755299
0.08866774217511439
-0.13500008475427738
0.10930145381401474
0.27035336073445715
-0.5775216070870374
0.2799643981635595
0.23600541608267198
0.2725035845189725
-1.0034987423790036
0.1306922719986101
0.26066062224459313
-0.15003363150526827
-0.061718041097489795
-0.5725846988443827
-0.9448669364866076
0.52369600620816
0.323777412879437
-0.12388591796916501
0.0007261905382432121
-0.47604661316333896
0.11538055274445803
-0.476284413334498
0.38084048881712645
0.7426045222932598
0.5520101996585416
-2.582619069567632
0.08962218110370118
0.16830041923034497
-0.6914861885462699
0.4166141959019635
-0.13491411443216866
-1.0418719627251083
0.9053844395699704
0.10081147325042583
-0.7993657927409934
-1.1430616175248358
1.0141173858325012
-0.4176123776709486
-0.25428526567561444
0.5195426389044911
-0.32453238847106347
0.7429943301878754
0.040030264475990666
-0.936359519696778
-0.09345401699500683
-0.1133587347032765
0.16900124380533954
-0.2556506594423785
0.7925112503852865
-0.10910780511461954
0.14988985486220469
-0.47304370106691673
-0.6487616044785659
0.10905619586971275
0.45770248425292714
0.2769529517354924
-0.7893985683174854
-0.28367995382437916
0.07870947474743067
0.23684102697422849
-0.3135716348782705
0.3376650208980116
0.14754010473457244
-0.7292725961035734
-0.2679951272272416
0.3989986988874399
0.04993925932817943
-0.2753470014920823
-0.9444342995661537
0.7971106817010889
-0.6360715071400734
-0.9707306973310951
-1.1247777060328297
0.6541951435243242
0.39190869461234606
0.23488107917577994
-0.6915249121861209
0.09522249668312856
0.29670796837225455
-0.9592864757367408
0.37212340347167966
-0.0023744899100447193
-0.0037562005442886657
0.30326067075496044
-0.1772866443404353
0.08121509012513936
-0.7071149318319541
1.3978645521761386
-0.6752220732270399
0.3623513565514528
-1.0072162840346972
-1.1226710594499791
1.2705080311084145
0.40388191966956355
-0.8099901969793352
-0.10443522063701208
0.38026997526029616
-1.3501868065775628
-0.806576625933228
0.8134864512387019
0.6032275843386621
-0.4967583123866391
-0.38586579021072187
0.631477274885158
-0.5213759852322799
-0.776462935871474
0.7840843020172624
-0.1641831848769113
-0.2228965747091092
0.021044912528922547
0.9217847742679969
-0.5058028516976543
0.13954939990900506
-1.7865540309125643
0.8543022374095456
0.32927982955564766
0.31842220022893275
-1.0865755401807986
0.18384666510751393
1.9687880646896085
0.3253020552302427
-0.6926848416075735
-0.8674984099510512
1.1220446449306618
0.3038634679491102
0.4811279845049253
-0.5279699842240637
-1.4340705163585634
0.06308683218790873
0.5462497461975567
-1.738075716726959
-0.16049061931304942
0.09735252747867715
-0.08479480273810017
0.13637624916971564
-0.8645395688749181
1.2330377524492102
0.2300227044919677
0.35274331510069584
-1.256032843267772
0.18115903521435675
0.20516725531256533
0.3054118472328218
0.25255751926780207
-0.2797115117884882
-1.0433180771352724
1.5685951841266055
0.013724048384605794
-0.036018537433832216
0.06481774366936091
0.45188854905497194
0.7651482983645519
-1.0956194439112916
-1.0733970059025273
0.5174074691850936
0.8088970894781263
0.1863670119808435
-0.581022636831008
-1.196733441071379
0.3658380047623895
0.392672455873851
1.5784776656445985
-0.53926879790417
-0.09584237804282482
-1.5777318043324207
1.188258020085835
-1.072849937350528
-0.31213529786716737
-0.23927945620833313
-0.08553675076884319
1.1168037871570353
0.09595879904671202
-0.37141453381640255
0.3459283633129141
0.22355082124119957
-0.09985715096200723
-0.722663409014794
0.0894179544835854
-0.25521175458045375
0.03815923692731207
0.6879991587952794
-0.7293135793944191
0.33067475605909297
-0.2107456599818282
0.2746239686443114
