# Mean residuals and ratios for the PSD approximation
# f, mean_res, mean_rat
6.854009595613429e-5	-6.327356896531263e-17	1.0
6.945709180461409e-5	-0.00012153134175776706	1.0008726937124415
7.038635611251765e-5	-0.00022637315935587028	1.0016436962610984
7.132805301918827e-5	-0.0003158428912464147	1.0023188020023799
7.228234885998492e-5	-0.00039123599282795985	1.002903997404193
7.324941219566213e-5	-0.0004538188847406271	1.0034054105469694
7.422941384214371e-5	-0.0005048222201552796	1.0038292593741969
7.522252690069412e-5	-0.0005454345553330483	1.0041817993739035
7.622892678849472e-5	-0.0005767965007577504	1.0044692713810977
7.724879126962788e-5	-0.0005999954217848611	1.0046978501869963
7.828230048647633e-5	-0.0006160607482442703	1.004873594623769
7.932963699154176e-5	-0.0006259599420356527	1.0050023997648374
8.039098577969066e-5	-0.0006305951607423676	1.0050899518410714
8.146653432083023e-5	-0.0006308006439358894	1.005141686424242
8.255647259302129e-5	-0.0006273408374197138	1.005162750371874
8.366099311603583e-5	-0.0006209092594234722	1.005157967964283
8.478029098536185e-5	-0.0006121281019329527	1.0051318115962047
8.591456390666404e-5	-0.0006015485501332944	1.0050883773140127
8.706401223070468e-5	-0.0005896517935134362	1.0050313654162863
8.822883898873325e-5	-0.0005768506936627527	1.0049640662623291
8.940924992834793e-5	-0.0005634920662746155	1.004889351360604
9.060545354983794e-5	-0.0005498595284158136	1.0048096697390003
9.181766114301091e-5	-0.0005361768567451775	1.0047270495312683
9.304608682451493e-5	-0.0005226117980653865	1.0046431046503435
9.429094757565819e-5	-0.0005092802703340328	1.0045590463595115
9.555246328073456e-5	-0.0004962508899960139	1.0044756994972315
9.683085676586375e-5	-0.00048354976015904595	1.004393523060679
9.812635383834913e-5	-0.0004711654536485305	1.0043126348072868
9.943918332656326e-5	-0.00045905412526425635	1.0042328394921787
0.00010076957712036591	-0.00044714468854504993	1.0041536603228811
0.00010211777021206482	-0.00043534399395477096	1.0040743731807213
0.00010348400073792249	-0.00042354194756646723	1.0039940431308378
0.0001048685100202189	-0.00041161651198592995	1.003911562720013
0.00010627154260987789	-0.0003994385343722673	1.0038256915433956
0.00010769334632966215	-0.0003868763499438106	1.0037350965477823
0.000109134172317948	-0.00037380011327389746	1.003638392530949
0.00011059427507308411	-0.00036008581395959304	1.0035341822935935
0.00011207391249834473	-0.000345618937869591	1.0034210959030254
0.0001135733459474845	-0.0003302977401296591	1.0032978285365894
0.00011509284027090151	-0.0003140361012666566	1.003163176387865
0.00011663266386241966	-0.0002967659434848394	1.003016070140385
0.00011819308870669516	-0.00027843918986170547	1.002855605542458
0.00011977439042725908	-0.0002590292552868359	1.0026810706523832
0.00012137684833520085	-0.00023853206417728912	1.0024919693663212
0.00012300074547850486	-0.00021696659632397267	1.002288040890879
0.00012464636869204538	-0.00019437496858216885	1.0020692748788245
0.00012631400864825216	-0.00017082206642747707	1.0018359220087703
0.00012800395990845203	-0.0001463947455595137	1.0015884998570772
0.00012971652097489928	-0.00012120062964433899	1.00132779398208
0.00013145199434350035	-9.536653583163626e-5	1.0010548542151763
0.00013321068655724523	-6.90365647535618e-5	1.0007709862297236
0.0001349929082603535	-4.236989620027965e-5	1.0004777385347359
0.0001367989742531438	-1.5538335472194047e-5	1.0001768851152595
0.00013862920354763912	1.1276341556945621e-5	0.9998704040126632
0.000140483919423914	3.7885194441070775e-5	0.9995604522049542
0.00014236344948719777	6.409502370568049e-5	0.999249337207593
0.00014426812572573957	8.971132404162407e-5	0.9989394858682484
0.0001461982845694497	0.00011454123381326974	0.9986334108728087
0.00014815426694932344	0.00013839643101251032	0.9983336755144163
0.00015013641835766192	0.0001610959281222312	0.9980428573011481
0.00015214508890909687	0.00018246872148229099	0.9977635109913007
0.0001541806334024329	0.00020235625459090586	0.9974981316476207
0.00015624341138331744	0.00022061465921958983	0.9972491182938449
0.00015833378720774753	0.00023711674315323098	0.9970187387388885
0.00016045213010642867	0.0002517536986636749	0.9968090961066998
0.00016259881424999189	0.0002644365113560301	0.9966220975742172
0.0001647742188150864	0.0002750970546648105	0.9964594257772543
0.00016697872805135358	0.00028368886089943603	0.9963225132952369
0.00016921273134929958	0.00029018756523419996	0.9962125205725033
0.00017147662330907362	0.00029459102430460284	0.9961303175769837
0.00017377080381016896	0.0002969191160269333	0.9960764694379411
0.00017609567808205361	0.000297213231830084	0.9960512262443937
0.000178451656775749	0.00029553547662717906	0.9960545171255517
0.00018083915603636348	0.0002919675955234124	0.9960859486751791
0.00018325859757659807	0.00028660964943585693	0.9961448077237047
0.00018571040875123567	0.0002795784644854816	0.9962300684063041
0.00018819502263262502	0.0002710058822174527	0.9963404034214858
0.00019071287808717732	0.00026103683942907803	0.9964741993244924
0.00019326441985288335	0.0002498273076592992	0.9966295756519465
0.0001958500986178706	0.00023754212324693602	0.9968044076300545
0.00019847037110000843	0.0002243527393277033	0.9969963521770359
0.00020112570012758148	0.0002104349312427399	0.9972028768725707
0.00020381655472103902	0.00019596648660225968	0.9974212915319827
0.00020654341017584138	0.0001811249107134541	0.9976487819912618
0.00020930674814641172	0.00016608517726217893	0.9978824456806987
0.000212107056731213	0.00015101755305133968	0.9981193285402457
0.00021494483055896322	0.00013608552425692797	0.9983564628086736
0.000217820570876002	0.00012144385007430032	0.9985909052018463
0.00022073478563482932	0.00010723676779722965	0.9988197749833359
0.00022368798958382526	9.359637130494593e-5	0.9990402914231913
0.00022668070435817358	8.064118262982706e-5	0.9992498101391615
0.00022971345857199837	6.847493374594335e-5	0.9994458578191716
0.0002327867879117368	5.7185572963238624e-5	0.9996261648346177
0.0002359012352307576	4.68445073458901e-5	0.9997886952722933
0.00023905735064524901	3.750608941471628e-5	0.9999316739380557
0.0002422556916313861	2.920735306762658e-5	1.0000536099183521
0.0002454968231238015	2.1968000192496928e-5	1.0001533163263356
0.0002487813176153703	1.5790635895549903e-5	1.0002299259074678
0.00025210975525833236	1.0661246675228743e-5	1.0002829022347315
0.00025548272396676725	6.549912293703351e-6	1.0003120462852788
0.00025890081952043806	3.4117385998632827e-6	1.0003174982578134
0.00026236464567002825	1.1879952056214117e-6	1.0002997345617557
0.000265874814243782	-1.9256121727989184e-7	1.0002595599847866
0.000269431945255576	-8.122001015947522e-7	1.000198095121952
0.00027303666701443267	-7.625911875279168e-7	1.0001167592270004
0.0002766896162355025	-1.4306642435898653e-7	1.0000172487220986
0.00028039143815252767	9.41202151492993e-7	0.9999015116745736
0.00028414278663181376	2.3810791734019113e-6	0.9997717186168558
0.0002879443242877229	4.065367371374477e-6	0.9996302301467216
0.00029179672259971464	5.882703676123421e-6	0.9994795617983274
0.0002957006620309524	7.723420528197358e-6	0.9993223467183722
0.00029965683214849424	9.481343972228074e-6	0.9991612967159988
0.00030366593174509617	1.1055501669993695e-5	0.9989991622783718
0.00030772866896263985	1.2351715977474126e-5	0.9988386921563394
0.00031184576141721676	1.3284059644482433e-5	0.9986825931260724
0.0003160179363258808	1.3776154446853049e-5	0.9985334905231837
0.00032024593063510195	1.3762296079066229e-5	0.9983938901264949
0.0003245304911509332	1.3188391844652942e-5	0.9982661419396373
0.00032887237467092413	1.2012701007051067e-5	0.9981524063816474
0.0003332723481177947	1.0206371030370744e-5	0.9980546233531256
0.00033773118867490043	7.75376627775915e-6	0.9979744845943254
0.00034224968392351026	4.6525889815395505e-6	0.9979134096963184
0.0003468286319819174	9.137953975223208e-7	0.9978725260681226
0.0003514688416464168	-3.4386870397932606e-6	0.9978526531018644
0.0003561711325341628	-8.368433071524737e-6	0.9978542907166423
0.0003609363352279441	-1.382717257391276e-5	0.9978776123998768
0.00036576529142288966	-1.975561007947353e-5	0.9979224628042983
0.0003706588540751433	-2.6084395961457053e-5	0.9979883598993975
0.0003756178875525215	-3.27352328139151e-5	0.9980745016190435
0.00038064326778719293	-3.962209927059999e-5	0.9981797768924314
0.00038573588243039433	-4.665257248706158e-5	0.9983027808937146
0.0003908966310092228	-5.3729229748438265e-5	0.9984418342969904
0.0003961264250855199	-6.075110914589788e-5	0.9985950062775744
0.000401426188416885	-6.761520897154026e-5	0.9987601409580721
0.00040679685711984343	-7.4218005400922e-5	0.998934886958457
0.00041223937983519336	-8.045696815128461e-5	0.9991167296732769
0.0004177547178955708	-8.623205411165741e-5	0.9993030258663435
0.0004233438454952499	-9.144715943124034e-5	0.999491040144037
0.00042900774986222214	-9.601151121976806e-5	0.9996779828426756
0.0004347474314325703	-9.984098085639209e-5	0.9998610488437039
0.0004405639040271826	-0.00010285930192158712	1.000037456813191
0.00044645819503082423	-0.0001049991769611651	1.0002044883494663
0.0004524313455736116	-0.00010620325866384933	1.0003595265155434
0.0004584844107149076	-0.0001064249925847679	1.000500093231461
0.00046461845962968227	-0.00010562931027471178	1.0006238850066131
0.0004708345757973661	-0.00010379316357433569	1.0007288065039908
0.00047713385719322604	-0.00010090589289436334	1.0008130014474852
0.00048351741648230837	-9.696942451224811e-5	1.0008748804100704
0.000489986381215969	-9.19982942526579e-5	1.0009131450557458
0.0004965418940310412	-8.601949735588542e-5	1.0009268084505467
0.0005031851128516593	-7.90721668422568e-5	1.0009152111084176
0.0005099172110937912	-7.120708521180514e-5	1.0008780324953341
0.0005167393778724994	-6.248603683313302e-5	1.0008152977794296
0.000523652818211982	-5.2981010824225684e-5	1.0007273796846847
0.0005306587532584175	-4.2773266560568186e-5	1.0006149953801984
0.0005377584204956635	-3.195227610963549e-5	1.000479198414716
0.0005449530739638351	-2.061455983539948e-5	1.0003213657851928
0.0005522439844808113	-8.862433093857253e-6	1.0001431803071654
0.0005596324398667067	3.197316691777189e-6	0.9999466085323109
0.0005671197451713393	1.5454802265059776e-5	0.9997338745317969
0.0005747072229047511	2.7798437117985817e-5	0.9995074299328024
0.0005823962132708033	4.011634319792062e-5	0.9992699206570418
0.0005901880744039058	5.229774465159577e-5	0.9990241508634141
0.000598084182608905	6.423432704330518e-5	0.9987730446407547
0.0006060859326041902	7.582154238447212e-5	0.9985196060304481
0.0006141947377680427	8.69598415606621e-5	0.9982668779809851
0.0006224120303882913	9.755581730438733e-5	0.9980179008484044
0.000630739261915298	0.00010752324269453724	0.9977756710565645
0.0006391779032183348	0.00011678399221659399	0.9975431005209412
0.0006477294448453905	0.0001252688346387225	0.9973229774188788
0.0006563953972864476	0.0001329180892922152	0.9971179288592659
0.0006651772912402902	0.0001396821397351256	0.9969303859664967
0.0006740766778848721	0.00014552180117239	0.9967625518480313
0.0006830951291513122	0.00015040854035461976	0.9966163728641062
0.0006922342380015451	0.0001543245489368423	0.996493513562307
0.0007014956187096973	0.00015726267340966966	0.9963953355811821
0.0007108809071472165	0.00015922620668739446	0.9963228807662788
0.0007203917610718272	0.00016022854822682315	0.996276858680567
0.0007300298604203414	0.00016029274114003224	0.9962576386297257
0.0007397969076053968	0.00015945089614446088	0.9962652462626699
0.0007496946278161558	0.00015774351336102511	0.9962993647487478
0.0007597247693230338	0.00015521871392693847	0.9963593404768795
0.0007698891037865047	0.0001519313941415099	0.9964441931678787
0.0007801894265700312	0.000147942315419164	0.9965526302403773
0.0007906275570571913	0.00014331714369664793	0.996683065222603
0.0008012053389730376	0.00013812545214353034	0.9968336399574919
0.0008119246407097668	0.0001324397010696841	0.9970022503066642
0.0008227873556567346	0.00012633420882325955	0.9971865750201394
0.0008337954025348981	0.00011988412723844651	0.9973841074029178
0.0008449507257357203	0.00011316443483407703	0.9975921893772466
0.0008562552956646214	0.00010624896048906104	0.9978080475101229
0.0008677111090890127	9.920944973462472e-5	0.9980288305500576
0.0008793201894909962	9.21146851098826e-5	0.9982516479952452
0.0008910845874247812	8.50296712294484e-5	0.9984736091975841
0.0009030063808788758	7.801489431044918e-5	0.9986918624940364
0.0009150876756431364	7.112566490342359e-5	0.9989036338488143
0.0009273306056807136	6.441155146865564e-5	0.9991062644876118
0.0009397373335049897	5.791591123962179e-5	0.9992972470092196
0.0009523100505615439	5.1675523523443356e-5	0.9994742594703304
0.0009650509776152422	4.572032921203086e-5	0.9996351969575906
0.0009779623651424922	4.007327882763339e-5	0.9997782001861669
0.0009910464937287603	3.475028991673631e-5	0.999901680697579
0.0010043056744713924	2.9760313054814876e-5	1.0000043422705054
0.001017742249387839	2.5105504151919364e-5	1.0000851982069883
0.0010313585918293275	2.0781499180839323e-5	1.0001435842124824
0.001045157106900079	1.6777785912233328e-5	1.0001791666504096
0.001059140231882133	1.3078165764490097e-5	1.000191946020253
0.001073310436665847	9.661297490171792e-6	1.0001822555805993
0.001087670224186171	6.501313156353761e-6	1.0001507551146616
0.0011022221308647395	3.568495762001562e-6	1.0000984199129164
0.0011169687270579003	8.300068986396426e-7	1.0000265251253715
0.0011319126175107145	-1.749347875879107e-6	0.9999366257117386
0.0011470564418170535	-4.206328797817204e-6	0.9998305322902378
0.0011624028748858286	-6.578459924257788e-6	0.9997102832534209
0.0011779546274134813	-8.903228603255623e-6	0.999578113580257
0.0011937144463627738	-1.1217299369494317e-5	0.9994364208268376
0.0012096851154479993	-1.3555754817958027e-5	0.9992877288220214
0.001225869455626683	-1.5951375356697496e-5	0.9991346496283362
0.0012422703255978499	-1.8433968884266702e-5	0.9989798443522063
0.0012588906223069765	-2.102976040142998e-5	0.9988259833999715
0.0012757332814576795	-2.3760850377607733e-5	0.9986757067784802
0.0012928012780302695	-2.6644749380774842e-5	0.998531585030291
0.0013100976268072225	-2.969399507759969e-5	0.9983960813752645
0.0013276253829057026	-3.291585625133992e-5	0.9982715156027777
0.0013453876423171877	-3.631212700108465e-5	0.9981600302233664
0.001363387542454336	-3.987901280782687e-5	0.9980635593460381
0.00138162826270515	-4.360710870876165e-5	0.9979838006991953
0.0014001130249945669	-4.7481468436279554e-5	0.9979221911605033
0.0014188450943535638	-5.1481762072703496e-5	0.9978798861047735
0.0014378277794958611	-5.5582518563224686e-5	0.9978577428208238
0.001457064433402365	-5.9753448329806475e-5	0.9978563081889499
0.0014765584539134051	-6.395984024670013e-5	0.997875810751053
0.0014963132843289185	-6.816302637800261e-5	0.9979161572467466
0.0015163324140166409	-7.232090714074482e-5	0.997976933631054
0.0015366193790284583	-7.638852894176162e-5	0.9980574105336153
0.0015571777627249811	-8.031870583940183e-5	0.9981565530655131
0.0015780111964084976	-8.4062676396984e-5	0.9982730348287704
0.0015991233599643717	-8.757078661793982e-5	0.998405255934686
0.0016205179825110486	-9.079318967689902e-5	0.9985513647913188
0.0016421988430587293	-9.368055308103962e-5	0.9987092833771156
0.0016641697711768772	-9.618476390696038e-5	0.9988767356771203
0.0016864346476706531	-9.825962285686722e-5	0.9990512789208051
0.0017089974052663852	-9.986151806125278e-5	0.9992303372258393
0.0017318620293062335	-0.00010095006982276381	0.9994112372208949
0.0017550325584521221	-0.00010148873784759432	0.9995912451927195
0.0017785130853991166	-0.00010144538294743125	0.9997676052787532
0.0018023077575983174	-0.00010079277571836921	0.9999375782069387
0.0018264207779894537	-9.950904531463415e-5	1.0000984800695103
0.0018508564057432499	-9.757806213558187e-5	1.0002477206082079
0.0018756189570137524	-9.498974903407387e-5	1.0003828404848358
0.0019007128057006947	-9.174031653115327e-5	1.0005015470143446
0.001926142384222082	-8.78324184822492e-5	1.0006017478478162
0.0019519121842971091	-8.327522567691459e-5	1.0006815821107096
0.0019780267577395377	-7.808441595828783e-5	1.0007394485275074
0.0020044907172617143	-7.228208060668785e-5	1.0007740300979737
0.002031308737289315	-6.589654792879134e-5	1.0007843149322104
0.002058485554787022	-5.896212621002464e-5	1.0007696129018426
0.0020860259700952147	-5.151876940212994e-5	1.0007295678220238
0.002113934847777889	-4.361167010611366e-5	1.0006641649430408
0.002142217117481884	-3.529078554829897e-5	1.0005737336001637
0.002170877774807643	-2.661030330782067e-5	1.0004589449447965
0.002199921882191585	-1.762805451279612e-5	1.000320804757192
0.0022293545698003213	-8.4048830553317e-6	1.0001606414203272
0.0022591810364367975	9.96019938715872e-7	0.9999800892128753
0.0022894065504585853	1.0509806629090256e-5	0.9997810671564837
0.0023200364507084585	2.0070677872714703e-5	0.9995657537255275
0.002351076147457396	2.961259327840971e-5	0.9993365577954485
0.0023825311233602346	3.90699756964057e-5	0.9990960862668882
0.002414406934424075	4.8378400165700526e-5	0.998847108855455
0.002446709210989676	5.7475257758405895e-5	0.9985925205806168
0.002479443658725943	6.630038534778046e-5	0.9983353025203477
0.002512616059637762	7.479665306980645e-5	0.9980784814209287
0.002546232273087275	8.291050212535366e-5	0.997825088762885
0.0025802982368288607	9.059242655772319e-5	0.9975781198850096
0.0026148199680579255	9.779739371233639e-5	0.9973404937587462
0.0026498035644737486	0.00010448519921430559	0.9971150139860512
0.002685255205356549	0.00011062075345828258	0.9969043315651935
0.0027211811526589376	0.00011617429776667407	0.9967109099330562
0.0027575877521120065	0.00012112154951245595	0.9965369927493217
0.002794481434346181	0.00012544377659862502	0.9963845748394333
0.0028318687160271043	0.00012912780271903673	0.9962553766605416
0.0028697562010066794	0.00013216594577851253	0.9961508225986437
0.002908150581489553	0.00013455589271166158	0.996072023347426
0.0029470586392151615	0.000136300514701118	0.996019762560658
0.002986487246655638	0.00013740762745163485	0.9959944879112244
0.0030264433682296987	0.00013788970172477834	0.9959963066320329
0.003066934061532816	0.00013776352978074526	0.996024985557619
0.0031079664785838078	0.0001370498537124127	0.996079955630345
0.0031495478670881326	0.00013577296189697338	0.9961603207827701
0.0031916855717180888	0.00013396025993926263	0.9962648710575387
0.003234387035410107	0.00013164182254481497	0.9963920997785517
0.003277659800679452	0.0001288499327477794	0.9965402245419692
0.0033215115109524545	0.00012561861483601218	0.9967072117533656
0.003365949911916626	0.00012198316717014039	0.996890804397311
0.0034109828528887816	0.0001179797008911673	0.9970885526886799
0.00345661828820152	0.00011364469025747296	0.9972978472206264
0.003502864278608197	0.00010901454005133382	0.9975159541929377
0.0035497289927067578	0.00010412517515052096	0.9977400522763622
0.0035972207083825565	9.901165697488405e-5	0.9979672706443063
0.0036453478142705244	9.370783109286483e-5	0.9981947276828715
0.003694118811236893	8.824600981036183e-5	0.9984195698746092
0.003743542313880708	8.26566930656196e-5	0.9986390103408415
0.0037936270520554888	7.69683304206135e-5	0.9988503665227687
0.0038443818724111815	7.120712637396442e-5	0.9990510964832275
0.0038958157399568076	6.5396890625793e-5	0.9992388333197014
0.003947937739643954	5.9558934305099075e-5	0.9994114171952491
0.004000757077971514	5.3712012530687917e-5	0.9995669245181
0.004054283084611832	4.7872313023793604e-5	0.9997036938325479
0.0041085252140586675	4.205348983258242e-5	0.9998203480239217
0.00416349304729715	3.626674057467571e-5	0.9999158124883023
0.00421919629349613	3.0520924964175246e-5	0.9999893289729755
0.0042756447917231205	2.4822721775681897e-5	1.000040464855715
0.004332848512682216	1.9176820820845318e-5	1.0000691176988241
0.004390817560475272	1.3586145985094916e-5	1.0000755149862803
0.004449562174386593	8.052104904722711e-6	1.0000602090281419
0.004509092730691575	2.574860467771275e-6	1.0000240670937373
0.004569419744489468	-2.8463809941506718e-6	0.9999682569127024
0.00463055387156073	-8.213070184698908e-6	0.99989422775878
0.004692505910249161	-1.352700948906838e-5	0.9998036874038427
0.004755286803369294	-1.8790047323300607e-5	0.9996985752971699
0.004818907640139222	-2.4003777663650767e-5	0.999581032385925
0.004883379658139367	-2.916925007900089e-5	0.9994533680462904
0.004948714245297383	-3.4286695344210606e-5	0.9993180246387363
0.005014922941899658	-3.935527138246378e-5	0.99917754023569
0.005082017442629735	-4.437283387911077e-5	0.9990345100939466
0.005150009598633951	-4.9335735438168204e-5	0.9988915474580675
0.005218911419614785	-5.423865662742265e-5	0.9987512442840539
0.005288735075952142	-5.9074471691042674e-5	0.9986161324657133
0.005359492900853084	-6.38341511126361e-5	0.9984886461295761
0.005431197392530257	-6.850670259911571e-5	0.998371085538859
0.005503861216409529	-7.307915143861411e-5	0.998265583113803
0.005577497207367093	-7.753656057494886e-5	0.9981740720357565
0.005652118371996582	-8.186209014650872e-5	0.9980982578568249
0.0057277378909064295	-8.603709566735555e-5	0.9980395934868772
0.005804369121048026	-9.004126348948318e-5	0.9979992578764066
0.0058820255980750235	-9.385278168284403e-5	0.9979781386581583
0.005960721038734148	-9.744854400765166e-5	0.9979768189534884
0.006040469343288084	-0.00010080438423397528	0.9979955684924239
0.006121284597970682	-0.00010389533768795596	0.9980343391390227
0.0062031810774751065	-0.00010669592657244806	0.9980927648579221
0.0062861732474751835	-0.00010918046532203705	0.9981701661029306
0.006370275767180572	-0.0001113233820077115	0.9982655585555292
0.0064555034919260195	-0.00011309955160396155	0.9983776660898985
0.006541871475795375	-0.00011448463677023463	0.9985049377919026
0.006629394974280583	-0.00011545543167910507	0.9986455688125087
0.006718089446976379	-0.00011599020434553175	0.998797524791241
0.006807970560310922	-0.0001160690328758877	0.9989585695429973
0.0068990541903130335	-0.00011567413106360058	0.9991262956616047
0.006991356425416462	-0.00011479015881213124	0.9992981576562018
0.007084893569301591	-0.00011340451296822934	0.9994715072024639
0.007179682143775272	-0.00011150759430162229	0.9996436300596313
0.007275738891689077	-0.0001090930465742218	0.999811784177341
0.0073730807798967095	-0.0001061579639052583	0.9999732384933913
0.007471725002250856	-0.00010270306296027807	1.0001253119057032
0.007571688982640265	-9.873281687272382e-5	1.000265411889616
0.00767299037806733	-9.425554824685942e-5	1.0003910722253775
0.007775647081766969	-8.928347908812038e-5	1.000499989301841
0.007879677226367121	-8.383273605843184e-5	1.000590056470527
0.007985099187091596	-7.792331005394794e-5	1.0006593959407302
0.008091931585005794	-7.157896974376844e-5	1.0007063877309863
0.008200193290305738	-6.482712938091682e-5	1.000729695225534
0.008309903425651263	-5.7698671889742345e-5	1.000728286926266
0.008421081369543655	-5.02277289339076e-5	1.0007014540405523
0.008533746759748606	-4.245142036163695e-5	1.0006488236033368
0.008647919496764843	-3.4409556094608853e-5	1.0005703668964405
0.008763619747339291	-2.6144304157697176e-5	1.000466402998876
0.008880867948029132	-1.7699829123322548e-5	1.0003375973770683
0.008999684808811652	-9.121905751149716e-6	1.0001849555026907
0.00912009131674226	-4.575130279584023e-7	1.0000098115655287
0.009242108739661574	8.245585857987767e-6	0.9998138124290121
0.009365758629951969	1.6939271848166294e-5	0.9995988970536999
0.009491062828344488	2.557550077509008e-5	0.9993672716883453
0.009618043467776677	3.41067306759135e-5	0.9991213811969498
0.009746722977301933	4.2486339891436224e-5	0.9988638769520854
0.00987712408605132	5.066903040409231e-5	0.9985975817783547
0.010009269827248207	5.8611211192039664e-5	0.9983254524742752
0.010143183542276784	6.627135679350913e-5	0.998050540474906
0.010278888884804894	7.361033677400012e-5	0.9977759512412334
0.010416409824962083	8.059171235489653e-5	0.9975048029750171
0.010555770653573528	8.71819970800607e-5	0.9972401852599008
0.01069699598645061	9.335087905080027e-5	0.996985118221417
0.010840110768738899	9.907140293294179e-5	0.9967425127807461
0.010985140279324306	0.0001043201106165841	0.9965151325504292
0.011132110135298186	0.00010907714007442833	0.9963055578860127
0.011281046296482172	0.00011332628260486784	0.9961161525667902
0.01143197507001356	0.0001170549992493627	0.9959490335321382
0.011584923114992028	0.00012025439773031376	0.9958060440499145
0.011739917447188544	0.00012291917175799528	0.9956887306392711
0.011896985443817228	0.00012504750499778953	0.9955983240149072
0.012056154848371133	0.00012664094236866855	0.9955357242630136
0.012217453775522647	0.00012770423165933047	0.9955014904022255
0.012380910716089504	0.00012824513870016691	0.995495834426621
0.012546554542067215	0.00012827423951925306	0.9955186198722492
0.012714414511728838	0.00012780469304206528	0.9955693648948146
0.01288452027479297	0.0001268519979716232	0.9956472497938944
0.013056901877660888	0.00012543373751286847	0.995751128868549
0.013231589768723753	0.00012356931558714387	0.9958795464409912
0.013408614803740823	0.00012127968812447293	0.9960307568385708
0.013588008251289608	0.00011858709292745221	0.9962027480800902
0.013769801798288977	0.00011551478147529381	0.9963932689705597
0.01395402755559609	0.00011208675588328958	0.996599859268581
0.014140718063678311	0.00010832751405504528	0.9968198825533477
0.014329906298360907	0.00010426180586440518	0.9970505613836135
0.014521625676651708	9.991440298325648e-5	0.9972890143093711
0.01471591006264367	9.53098847316196e-5	0.9975322942689561
0.014912793773496413	9.04724420688181e-5	0.997777427880173
0.015112311585497787	8.542570157001723e-5	0.9980214551147208
0.01531449874020653	8.019257094194842e-5	0.9982614688309751
0.015519390950677125	7.479510732631226e-5	0.9984946536321195
0.015727024407767912	6.925440932058589e-5	0.9987183235151833
0.01593743578653362	6.359053331566761e-5	0.9989299577823725
0.016150662252703424	5.782243441035213e-5	0.9991272346999209
0.01636674146924563	5.1967931817279627e-5	0.9993080624115398
0.01658571160302026	4.604369832743291e-5	0.9994706066442577
0.0168076113315206	4.006527305492916e-5	0.9996133147833719
0.017032479849704917	3.4047096345884166e-5	0.9997349359406692
0.017260356876919642	2.8002565409904017e-5	0.9998345366954471
0.017491282663915118	2.19441089262007e-5	0.9999115122501574
0.017725297999955245	1.5883278594264676e-5	0.9999655928112887
0.017962444220022245	9.830855347309122e-6	0.9999968450795518
0.018202763212117803	3.796967730747458e-6	1.0000056688107088
0.01844629742466189	-2.2087802273450557e-6	0.9999927884873653
0.0186930898739906	-8.177174457508257e-6	0.9999592402215107
0.018943184151954274	-1.4099252488511391e-5	0.9999063540854702
0.019196624433617266	-1.996616420522262e-5	0.9998357321435292
0.01945345548506078	-2.5769034627533558e-5	0.9997492225263338
0.01971372267129006	-3.149883154642916e-5	0.9996488899534778
0.01997747196424736	-3.7146240738603836e-5	0.9995369831652869
0.020244749950932138	-4.2701551321621185e-5	0.9994158997714765
0.0205156038416299	-4.815455361141601e-5	0.9992881490613669
0.02079008147825112	-5.349445160803777e-5	0.9991563133471273
0.02106823134278173	-5.8709791969448304e-5	0.9990230084276178
0.021350102565846664	-6.378841104310829e-5	0.9988908437663205
0.02163574493538799	-6.8717401217127e-5	0.9987623829723735
0.021925208905459126	-7.348309753321236e-5	0.9986401051598893
0.02221854560513675	-7.807108517850283e-5	0.9985263677379533
0.02251580684755184	-8.246622814803191e-5	0.9984233711531408
0.022817045139041727	-8.665271904904007e-5	0.9983331260690449
0.0231223136884244	-9.061414970693093e-5	0.9982574234240884
0.023431666416396994	-9.433360193367197e-5	0.9981978077612709
0.02374515796506001	-9.779375753586004e-5	0.9981555541722035
0.02406284370756894	-0.00010097702637335517	0.9981316491440259
0.024384779757915028	-0.00010386569103188775	0.9981267755424377
0.024711022980836893	-0.00010644206644515882	0.9981413019079918
0.025041631001864753	-0.0001086886725943025	0.998175276186389
0.02537666221749903	-0.00011058841822529673	0.9982284239577145
0.02571617580552516	-0.00011212479335833696	0.9983001511745019
0.02606023173546632	-0.00011328206821738492	0.9983895513644917
0.026408890779176138	-0.00011404549608366614	0.9984954172014803
0.026762214521573006	-0.00011440151747437598	0.998616256296542
0.027120265371518057	-0.00011433796296845376	0.9987503110124488
0.027483106572838662	-0.00011384425194633531	0.9988955820565629
0.027850802215499435	-0.00011291158448205278	0.9990498555615295
0.02822341724692266	-0.00011153312362611881	0.9992107333198154
0.028601017483460202	-0.00010970416534859719	0.9993756657964926
0.028983669622018884	-0.00010742229347644358	0.9995419875065323
0.029371441251841407	-0.00010468751705992513	0.9997069543073499
0.029764400866444884	-0.00010150238774208381	0.9998677821259832
0.030162617875719114	-9.787209488465073e-5	1.000021686612974
0.03056616261818664	-9.38045364246945e-5	1.0001659231930828
0.03097510637342701	-8.931036369894991e-5	1.0002978269666953
0.031389521374667044	-8.440299877639392e-5	1.0004148519061127
0.031809480821539726	-7.909862318227658e-5	1.0005146087887338
0.032235058893013674	-7.341613727502622e-5	1.0005949013146391
0.03266633076049565	-6.737708994644297e-5	1.0006537598705758
0.033103372601108405	-6.1005578749191633e-5	1.0006894724253965
0.03354626161114605	-5.4328121006059514e-5	1.0007006120743087
0.033995076019709566	-4.737349691414933e-5	1.000686060790929
0.0344498951025247	-4.017256611414655e-5	1.0006450289963533
0.03491079919594468	-3.275805963966854e-5	1.0005770706129835
0.0353778697111404	-2.5164349583594394e-5	1.0004820933370544
0.03585118914848024	-1.7427199206356567e-5	1.0003603639360243
0.03633084111210255	-9.583496555177337e-6	1.0002125084545157
0.03681691032468288	-1.6709749536163506e-6	1.0000395072933148
0.03730948264239886	6.2720760506157e-6	0.9998426852085609
0.037808645070095286	1.4207105531375442e-5	0.9996236963608259
0.03831448577665213	2.2095597987958604e-5	0.9993845046245233
0.038827094110558104	2.9899368260109625e-5	0.9991273594450989
0.03934656061569262	3.7580850771355684e-5	0.9988547676028996
0.03987297704731889	4.51033794559296e-5	0.9985694613074652
0.04040643638829097	5.243145493226825e-5	0.9982743631020077
0.04094703286547771	5.953099575726596e-5	0.9979725481049827
0.04149486196640635	6.636957092213781e-5	0.9976672041521557
0.04205002045612879	7.291661112360824e-5	0.9973615904286923
0.04261260639431364	7.914359675262545e-5	0.9970589951959146
0.04318271915256684	8.50242209759859e-5	0.9967626932218242
0.04376045943198398	9.053452673290272e-5	0.9964759035186123
0.04434592928093752	9.565301691747658e-5	0.996201747974907
0.04493923211310201	0.00010036073745901399	0.9959432114461444
0.04554047272572035	0.00010464133343542566	0.9957031038344921
0.046149757318114576	0.0001084810787523164	0.9954840246509313
0.0467671935104442	0.00011186888028477981	0.9952883305078999
0.04739289036271556	0.0001147962577048737	0.995118105942384
0.048026958394045485	0.00011725730050128254	0.9949751379174732
0.0486695096021827	0.00011924860393632695	0.9948608942964325
0.049320657483290335	0.00012076918587829571	0.9947765065279767
0.04998051705199328	0.00012182038659426906	0.9947227567257049
0.05064920486169354	0.00012240575369164798	0.9947000692688506
0.05132683902515754	0.00012253091445789055	0.9947085069965127
0.05201353923537879	0.0001222034378705353	0.9947477720134386
0.0527094267867197	0.00012143268853708032	0.9948172110725685
0.053414624596336245	0.00012022967478071526	0.9949158254481774
0.05412925722588927	0.00011860689301716028	0.9950422851635176
0.05485345090354628	0.00011657817047422349	0.9951949473885042
0.055587333546277574	0.00011415850819269665	0.9953718787763627
0.056331034782450676	0.0001113639261188085	0.9955708814630442
0.057084685974727115	0.00010821131195756385	0.9957895224102795
0.057848420243265364	0.00010471827530597814	0.9960251657319363
0.05862237248923451	0.00010090300842781437	0.99627500760489
0.059406679418642236	9.678415486900903e-5	0.9965361133297862
0.060201479566481704	9.238068694725717e-5	0.996805456074608
0.06100691332120154	8.771179298158098e-5	0.9970799568055809
0.061823122949503116	8.279677495924895e-5	0.9973565248861234
0.06265025262146966	7.765495716919929e-5	0.9976320988062373
0.06348844843603152	7.230560616391316e-5	0.9979036864925935
0.0643378584467722	6.676786224644108e-5	0.9981684046444096
0.06519863268807953	6.10606825167302e-5	0.9984235165428087
0.06607092320164686	5.5202795352663075e-5	0.9986664677921323
0.06695488406332872	4.921266604716939e-5	0.998894919471379
0.06785067141035571	4.310847317472905e-5	0.9991067782024468
0.06875844346891374	3.690809511981684e-5	0.999300222679827
0.06967836058209202	3.0629106067799686e-5	0.9994737262527953
0.07061058523820501	2.428878063694664e-5	0.9996260752064119
0.07155528209949341	1.7904106220194282e-5	0.99975638245022
0.07251261803120895	1.1491802008568815e-5	0.9998640963931323
0.07348276213108851	5.068343586178599e-6	0.9999490048576949
0.07446588575922239	-1.3500080792557027e-6	1.000011233965806
0.07546216256832232	-7.747174475188236e-6	1.0000512420090193
0.07647176853439434	-1.4107225468105228e-5	1.000069808398298
0.07749488198782209	-2.0414344580684903e-5	1.0000680178684886
0.07853168364486603	-2.6652794884411495e-5	1.0000472401902347
0.07958235663958377	-3.280688674528624e-5	1.0000091057147484
0.08064708655617807	-3.8860948618082866e-5	0.9999554771432113
0.08172606146177695	-4.4799302025345044e-5	0.9998884179714241
0.08281947193965286	-5.060624178249111e-5	0.9998101581101217
0.08392751112288596	-5.626602244116867e-5	0.9997230572217004
0.08505037472847803	-6.176285182122755e-5	0.9996295663442206
0.08618826109192261	-6.70808923889067e-5	0.9995321883929584
0.08734137120223776	-7.220427111701549e-5	0.999433438138908
0.08850990873746745	-7.711709833371327e-5	0.9993358022627014
0.089694080100658	-8.180349593171597e-5	0.9992417000714261
0.09089409445631574	-8.62476351709681e-5	0.9991534454464119
0.09211016376735263	-9.043378416644489e-5	0.9990732105623804
0.09334250283252578	-9.434636501005703e-5	0.9990029918836434
0.09459132932437841	-9.797002033278194e-5	0.9989445789025676
0.09585686382768809	-0.00010128968897092598	0.9988995260398966
0.0971393298784293	-0.00010429069025984938	0.998869128077233
0.0984389540032575	-0.0001069588163400411	0.9988543994396878
0.09975596575952139	-0.0001092804317249949	0.9988560575922611
0.10109059777581039	-0.00011124257924848149	0.9988745107580737
0.10244308579304473	-0.00011283309138136127	0.9989098501099514
0.10381366870611518	-0.00011404070578596996	0.9989618465307377
0.10520258860607992	-0.00011485518386043152	0.9990299519811245
0.10661009082292608	-0.00011526743091740044	0.9991133054583491
0.10803642396890312	-0.00011526961654328997	0.9992107434740038
0.1094818399824362	-0.00011485529359696535	0.9993208149253787
0.11094659417262703	-0.00011401951423331376	0.9994418001817915
0.11243094526434987	-0.00011275894127945589	0.9995717341559079
0.11393515544395123	-0.00011107195325226492	0.999708433080168
0.11545949040556076	-0.00010895874128795316	0.9998495246600048
0.11700421939802172	-0.0001064213962605135	0.9999924812299132
0.11856961527244939	-0.00010346398439830012	1.0001346554948973
0.12015595453042584	-0.00010009260976925903	1.000273318399798
0.12176351737283926	-9.631546209728728e-5	1.000405698632916
0.12339258774937704	-9.214284849600572e-5	1.0005290232387214
0.12504345340868073	-8.75872078627505e-5	1.000640558788454
0.12671640594917216	-8.266310686427702e-5	1.0007376525376608
0.12841174087055954	-7.738721666557148e-5	1.0008177729872243
0.13012975762603265	-7.177826980185157e-5	1.0008785492597438
0.13187075967515624	-6.585699686799396e-5	1.0009178087074986
0.13363505453747146	-5.964604299492268e-5	1.0009336121813974
0.1354229538468139	-5.316986439330656e-5	1.0009242864137675
0.13723477340635876	-4.645460556501529e-5	1.0008884530005713
0.13907083324440217	-3.952795810497506e-5	1.0008250535117869
0.14093145767088924	-3.241900233264343e-5	1.0007333703107453
0.14281697533469767	-2.5158033295388302e-5	1.0006130427245967
0.14472771928168865	-1.7776372967535813e-5	1.0004640782769167
0.14666402701353368	-1.0306170721105504e-5	1.0002868587693607
0.14862624054732881	-2.7801943601525718e-6	1.0000821410800442
0.15061470647600642	4.768385816075041e-6	0.9998510526310451
0.15262977602955505	1.2306217330267473e-5	0.9995950815634022
0.15467180513705853	1.979998755930225e-5	0.9993160617443738
0.1567411544895651	2.721664479567866e-5	0.99901615281551
0.15883818960379742	3.452361568549243e-5	0.9986978155702738
0.1609632808867153	4.168901647662971e-5	0.9983637830242398
0.1631168037009418	4.868185564733698e-5	0.9980170276079371
0.16529913843106528	5.5472225667867124e-5	0.9976607249708591
0.16751067055082755	6.203148187091303e-5	0.9972982149337322
0.1697517906912121	6.833240666342164e-5	0.9969329601645291
0.1720228947094423	7.434935759569023e-5	0.9965685031808272
0.17432438375890316	8.005839810552904e-5	0.996208422297503
0.17665666435999872	8.54374100674823e-5	0.9958562871441542
0.17902014847195696	9.0466187591768e-5	0.9955156143716679
0.18141525356559574	9.512651182691501e-5	0.9951898241526422
0.1838424026970623	9.940220681719128e-5	0.994882198057103
0.18630202458255918	0.00010327917674447047	0.9945958388535339
0.1887945536740698	0.0001067454251391526	0.9943336327476446
0.19132043023609743	0.00010979105687182168	0.9940982145277519
0.19388010042343073	0.00011240826393362498	0.9938919360382544
0.19647401635994943	0.00011459129617695402	0.9937168383514572
0.19910263621848506	0.00011633641831808807	0.9935746279551018
0.20176642430174935	0.00011764185460022989	0.9934666572180106
0.20446585112434582	0.00011850772257987901	0.9933939093412459
0.2072013934958785	0.0001189359575335441	0.9933569879463906
0.20997353460517254	0.00011893022898777075	0.9933561113977515
0.21278276410562158	0.00011849585085618737	0.9933911119005993
0.21562957820167705	0.00011763968662591187	0.9934614393640301
0.21851447973649463	0.00011637005097535814	0.9935661699643541
0.2214379782807531	0.0001146966091297005	0.993704019293366
0.2244005902226619	0.00011263027517198681	0.9938733599252834
0.22740283885917248	0.00011018311043037155	0.994072243186968
0.2304452544884101	0.000107368222957799	0.9942984248678657
0.23352837450334257	0.00010419966901225118	0.9945493945596988
0.23665274348670176	0.00010069235733559225	0.9948224082710393
0.23981891330717522	9.686195691890972e-5	0.995114523919309
0.24302744321688485	9.272480883350237e-5	0.9954226392625823
0.2462788999501696	8.82978426007619e-5	0.9957435317970355
0.24957385782368965	8.359849747173398e-5	0.9960739001126713
0.25291289883787044	7.864464888913803e-5	0.9964104061723708
0.2562966127797032	7.345454031131723e-5	0.9967497179565118
0.2597255973269213	6.80467204894624e-5	0.9970885518997535
0.26320045815357024	6.243998620662055e-5	0.9974237145380951
0.26672180903699017	5.665333040958706e-5	0.9977521427837625
0.2702902719662292	5.070589559286583e-5	0.9980709422543687
0.27390647725190814	4.461693222749825e-5	0.998377423100419
0.27757106363755435	3.8405761966684344e-5	0.9986691328030368
0.28128467841242527	3.2091745304887225e-5	0.9989438854510189
0.2850479775258414	2.569425331747494e-5	0.9991997870533531
0.2888616257030494	1.9232643064079767e-5	0.9994352564992277
0.2927262965626344	1.2726236200810299e-5	0.9996490418418533
0.29664267273550415	6.194300314350085e-6	0.9998402316538756
0.30061144598546446	-3.439675350617717e-7	1.00000826127944
0.3046333173314079	-6.869455594596912e-6	1.0001529138897967
0.30870899717113737	-1.3363151070166971e-5	1.000274316333436
0.3128392054068464	-1.980615320174295e-5	1.00037292985701
0.3170246715722776	-2.6179686317147307e-5	1.0004495358573022
0.3212661349615835	-3.2465113413310476e-5	1.0005052169055255
0.3255643447599106	-3.864395080213161e-5	1.000541333361574
0.3299200601757303	-4.469788434010806e-5	1.0005594959661506
0.33433405057494103	-5.0608787736783356e-5	1.0005615348606582
0.3388070956167642	-5.635874340704493e-5	1.0005494655384395
0.3433399853914579	-6.193006629659453e-5	1.0005254522743776
0.3479335205598736	-6.730533106861367e-5	1.000491769613257
0.3525885124948801	-7.246740299300749e-5	1.0004507625196937
0.35730578342467884	-7.739947282784047e-5	1.0004048058045518
0.3620861665780371	-8.208509592572068e-5	1.0003562634441994
0.36693050633146457	-8.650823573627408e-5	1.0003074484007795
0.37183965835835847	-9.065331180945129e-5	1.0002605835342226
0.37681448978014404	-9.45052523335037e-5	1.0002177641710759
0.38185587931943765	-9.804955116612779e-5	1.0001809228623069
0.38696471745525884	-0.00010127232923773387	1.0001517968229625
0.3921419065803185	-0.00010416040012233378	1.0001318985021266
0.39738836116041215	-0.00010670133948444134	1.0001224896827972
0.4027050078959452	-0.00010888355802020595	1.0001245594592834
0.4080927858856194	-0.00011069637741828923	1.0001388063849646
0.41355264679230946	-0.00011213010877166951	1.0001656250269841
0.4190855550111585	-0.00011317613277654729	1.0002050971065786
0.42469248783992275	-0.00011382698096023899	1.000256987345629
0.4303744356515952	-0.00011407641708778197	1.0003207440811608
0.4361324020693392	-0.00011391951780883608	1.000395504650944
0.44196740414376107	-0.00011335275152438161	1.00048010549497
0.4478804725325567	-0.00011237405437888167	1.0005730968595203
0.4538726516825596	-0.00011098290222059504	1.0006727619335185
0.4599450000142253	-0.00010918037732308133	1.0007771401905046
0.4660985901085845	-0.00010696922862735362	1.0008840546546582
0.4723345088966968	-0.00010435392424920664	1.0009911427561242
0.47865385785163894	-0.00010134069500250927	1.001095890389687
0.4850577531830625	-9.793756771893012e-5	1.0011956687427115
0.49154732603435375	-9.415438719950986e-5	1.0012877734132366
0.4981237226824317	-9.000282571517047e-5	1.00136946529885
0.5047881047402194	-8.549637908235921e-5	1.001438012701272
0.5115416493618237	-8.06503484766016e-5	1.0014907340626102
0.5183855494504598	-7.548180731009031e-5	1.0015250407268377
0.5253210138691591	-7.000955268777842e-5	1.0015384791060038
0.5323492676542945	-6.425404116733056e-5	1.001528771625264
0.5394715522319625	-5.8237308778087366e-5	1.0014938558252282
0.5466891256372621	-5.1982875498624496e-5	1.001431921014726
0.5540032627365052	-4.5515634646358334e-5	1.001341441892087
0.5614152554524009	-3.886172789007487e-5	1.0012212085891452
0.5689264129922529	-3.204840685101921e-5	1.0010703526384515
0.5765380620792094	-2.5103882503586552e-5	1.0008883684208825
0.584251547186607	-1.8057163816113293e-5	1.0006751297165388
0.59206823077545	-1.0937887279283324e-5	1.0004309010560468
0.5999894935350668	-3.7761391482531877e-6	1.0001563436501422
0.6080167346269861	3.397727630572297e-6	0.9998525157617189
0.616151371932076	1.0553279730486083e-5	0.9995208674738888
0.6243948423009893	1.7660190850259326e-5	0.9991632298986424
0.6327486018079598	2.4688428050083255e-5	0.9987817989610869
0.641214126007994	3.160843487538694e-5	0.9983791139818989
0.6497929101975036	3.839130919210096e-5	0.9979580313639564
0.6584864696784254	4.5008973764289275e-5	0.9975216937658682
0.6672963400258745	5.1434337750572284e-5	0.9970734952140051
0.6762240773593782	5.764144747508839e-5	0.9966170426643814
0.68527125861774	6.360562503645994e-5	0.9961561145751118
0.694439481837579	6.930359354842419e-5	0.9956946170883928
0.7037303664355973	7.471358805182506e-5	0.9952365384483968
0.7131455534946238	7.981545139290177e-5	0.9947859022969489
0.7226867060534845	8.459071462055887e-5	0.9943467204935985
0.7323555094007506	8.902266170910215e-5	0.9939229461012268
0.7421536713724178	9.309637865692384e-5	0.9935184271622717
0.7520829226535677	9.679878724046337e-5	0.9931368618669734
0.7621450170840639	0.00010011866391205401	0.9927817556827715
0.7723417319683408	0.00010304664451634266	0.9924563809757156
0.782674868389334	0.00010557521566018341	0.9921637396110127
0.7931462515266124	0.00010769869370356052	0.9919065289718088
0.8037577309787673	0.00010941319244336211	0.991687111784294
0.8145111810901126	0.0001107165806377204	0.9915074900837733
0.8254085012817571	0.00011160843056701313	0.9913692836017641
0.8364516163871073	0.0001120899588498967	0.9912737127986422
0.8476424769918564	0.00011216396073092277	0.991221586710681
0.8589830597785242	0.00011183473903281941	0.9912132957248203
0.8704753678756054	0.00011110802892407367	0.9912488093394275
0.88212143121139	0.00010999091959395042	0.9913276789146418
0.8939233068725159	0.00010849177385546627	0.9914490453620827
0.9058830794673206	0.00010662014661506706	0.9916116516703541
0.9180028614940529	0.00010438670305866908	0.9918138601102983
0.9302847937140107	0.00010180313730994876	0.9920536739121353
0.9427310455296726	9.888209222081355e-5	0.9923287631558048
0.9553438153678856	9.563708085798312e-5	0.9926364945660842
0.9681253310681832	9.20824101555236e-5	0.9929739648557062
0.9810778502762956	8.823310711253231e-5	0.9933380372134806
0.9942036608429259	8.410484782941206e-5	0.9937253804903509
1.007505081227862	7.971388959618155e-5	0.9941325105958508
1.0209844609094951	7.507700617290122e-5	0.9945558335805931
1.0346441807998148	7.021142633596753e-5	0.9949916898489511
1.0484866536649602	6.513477570504548e-5	0.9954363989201669
1.0625143245513946	5.986502181371558e-5	0.9958863041373318
1.0767296712177832	5.442042234247711e-5	0.9963378167127488
1.0911352045726483	4.881947639511725e-5	0.9967874584958673
1.1057334691178815	4.3080878668309574e-5	0.9972319028572798
1.1205270433981864	3.722347633899828e-5	0.9976680130995049
1.135518540456538	3.126622847411716e-5	0.9980928778330543
1.150710608295733	2.5228167751746735e-5	0.9985038427941718
1.1661059303461168	1.9128364271339022e-5	0.9988985386292222
1.1817072259395671	1.2985891222359799e-5	0.9992749042283922
1.1975172507898202	6.819792175085012e-6	0.9996312052584193
1.2135387974792213	6.490497536911556e-7	0.9999660476183897
1.2297746959519906	-5.507444550306496e-6	1.0002783856234307
1.2462278140140846	-1.1630919667134446e-5	1.000567524806564
1.2629010578397484	-1.7702753583394333e-5	1.0008331193170767
1.2797973724848433	-2.3704501564794182e-5	1.001075163982992
1.2969197424070429	-2.9617924208522868e-5	1.001293981193107
1.3142711919929895	-3.542501556523285e-5	1.0014902028392714
1.3318547860925005	-4.110803156829065e-5	1.001664747639677
1.3496736305599266	-4.664951900462569e-5	1.0018187942377832
1.3677308728027484	-5.2032345256862975e-5	1.0019537505371505
1.3860297023375145	-5.723972903993528e-5	1.0020712197893187
1.4045733513532188	-6.225527234659294e-5	1.0021729639982537
1.4233650952822121	-6.706299380457554e-5	1.0022608652411156
1.4424082533787552	-7.164736363310746e-5	1.0023368855300092
1.4617061893053096	-7.599334036726442e-5	1.0024030258536172
1.481262311726674	-8.008640949507369e-5	1.0024612850412093
1.5010800749120705	-8.391262412343664e-5	1.0025136190847248
1.5211629793452817	-8.74586477547317e-5	1.0025619015388296
1.5415145723429566	-9.071179921588379e-5	1.0026078855940268
1.5621384486811856	-9.366009973562585e-5	1.0026531683857236
1.5830382512304577	-9.629232211357214e-5	1.0026991580630924
1.6042176715991154	-9.859804186672837e-5	1.0027470440969022
1.6256804507854163	-0.00010056769017544018	1.0027977712560867
1.6474303798383187	-0.00010219260838222879	1.0028520176292892
1.66947130052711	-0.00010346510372402449	1.0029101770113438
1.6918071060199906	-0.00010437850590226768	1.0029723459156046
1.7144417415717397	-0.00010492722401723035	1.0030383154122644
1.7373792052205794	-0.00010510680331438748	1.0031075679307824
1.7606235484943633	-0.0001049139811133979	1.0031792791012866
1.7841788771262117	-0.00010434674121622707	1.0032523246462037
1.8080493517797231	-0.00010340436602231105	1.0033252922692824
1.8322391887838874	-0.00010208748551770369	1.0033964984251702
1.8567526608778304	-0.00010039812225427735	1.0034640097888563
1.881594097965525	-9.833973139666697e-5	1.0035256691814942
1.9067678878805963	-9.591723489115763e-5	1.003579125647
1.9322784771613613	-9.313704880432857e-5	1.0036218683139584
1.9581303718362377	-9.000710289204653e-5	1.0036512636194388
1.9843281382196591	-8.653685149298754e-5	1.003664595416969
2.010876403718641	-8.273727489657488e-5	1.0036591074403793
2.0377798576501354	-7.862087041374241e-5	1.003632047549994
2.065043252069322	-7.420163248043833e-5	1.0035807131484402
2.0926714026089828	-6.949502124766758e-5	1.0035024971214603
2.120669189330102	-6.451791925687054e-5	1.0033949336356638
2.149041557583852	-5.9288575963439233e-5	1.0032557431108773
2.1777935188851063	-5.38265400513561e-5	1.0030828756812729
2.206930151797643	-4.8152579674738334e-5	1.002874552466439
2.2364566028311903	-4.228859096320981e-5	1.0026293039928804
2.2663780873504713	-3.625749533275956e-5	1.002346005137144
2.296699890496416	-3.0083126346840355e-5	1.0020239060047489
2.3274273681196918	-2.379010706847394e-5	1.0016626582135222
2.3585659477267296	-1.7403719027575028e-5	1.001262336115118
2.390121129438403	-1.0949764093219047e-5	1.0008234525638955
2.4220984869615325	-4.4544206832028075e-6	1.000346968925561
2.454503668573395	2.0559041414621024e-6	0.9998342991087473
2.4873423981193943	8.554725065089743e-6	0.9992873074976412
2.5206204760240873	1.5015629706235304e-5	0.9987083007621227
2.554343780315733	2.1412428908981056e-5	0.9981000136203998
2.5885182676645533	2.7719304459244152e-5	0.9974655887262163
2.6231499744348756	3.391095260474499e-5	0.9968085509461503
2.6582450177513635	3.996272184688831e-5	0.9961327763797267
2.6938095965795035	4.5850743593315885e-5	0.9954424565550647
2.7298499928205517	5.1552054407524944e-5	0.9947420583031749
2.766372572421129	5.704470876227138e-5	0.9940362798741795
2.803383786497663	6.230788139129563e-5	0.9933300039072459
2.840890172475869	6.732195853385803e-5	0.9926282479027801
2.8788983552454814	7.206861757282671e-5	0.9919361128699038
2.9174150483304326	7.653089477412011e-5	0.9912587308348586
2.956447055074686	8.069324103765393e-5	0.9906012118970409
2.9960012698439353	8.45415657626709e-5	0.9899685915097298
3.036084679243384	8.806326910895512e-5	0.9893657786432509
3.0767043633518103	9.124726309626243e-5	0.9887975054601665
3.117867496972152	9.408398212435796e-5	0.9882682790968926
3.1595813508988155	9.656538361313653e-5	0.9877823361044265
3.2018532932019426	9.86849395551728e-5	0.9873436000546238
3.2446907905288613	0.00010043761984112054	0.986955642768338
3.2881014094229455	0.00010181986826184089	0.9866216495690177
3.3320928176601226	0.00010282957211104345	0.9863443889109902
3.376672785603257	0.00010346602630985359	0.9861261866763084
3.421849187574662	0.00010372989295230824	0.9859689053783544
3.467630003246969	0.0001036231571304696	0.9858739284548207
3.514023319052606	0.00010314907984250766	0.9858421497775017
3.5610373296121307	0.00010231214871941262	0.9858739684515141
3.6086803391816824	0.00010111802722896453	0.9859692889225496
3.656960763119785	9.95735029321191e-5	0.9861275263569134
3.70588712937379	9.768643527985312e-5	0.9863476172060186
3.7554680799861955	9.546570335049657e-5	0.9866280348140803
3.8057123726211204	9.292115384109656e-5	0.9869668098753862
3.856628882111206	9.00635495436689e-5	0.9873615554953287
3.9082266020252083	8.690451846022211e-5	0.9878094965582042
3.960514646256562	8.345650364085966e-5	0.9883075030540467
4.013502250633206	7.973271376833074e-5	0.9888521269679351
4.067198774548937	7.574707446113523e-5	0.9894396422879019
4.121613702616598	7.151418022626773e-5	0.990066087643438
4.176756646343375	6.704924696219798e-5	0.9907273110457625
4.2326373458285165	6.236806489273135e-5	0.9914190161651621
4.289265671483758	5.7486951802470415e-5	0.9921368095503899
4.346651625776773	5.242270644420737e-5	0.992876248171691
4.404805344997948	4.719256199662079e-5	0.9936328866535067
4.463737101050785	4.181413946607491e-5	0.9944023235563652
4.523457303266268	3.630540094767855e-5	0.9951802460705905
4.583976500241506	3.068460268661146e-5	0.9959624724980815
4.645305381702962	2.49702479094347e-5	0.99674499192301
4.707454780394625	1.9181039425034107e-5	0.9975240005076642
4.770435673991434	1.3335832024408833e-5	0.998295933896276
4.834259187038307	7.453584736185438e-6	0.9990574952663884
4.898936592915105	1.5533130190781656e-6	0.9998056786337355
4.964479315827899	-4.345959007612879e-6	1.000537787091621
5.030898932826855	-1.0225246180003083e-5	1.0012514457476416
5.098207175851148	-1.6065649628427457e-5	1.0019446092080035
5.166415933801204	-2.1848403713726547e-5	1.0026155635507032
5.235537254638686	-2.7554922440687908e-5	1.0032629228212842
5.305583347514567	-3.31668452397983e-5	1.0038856201771889
5.376566584925679	-3.866608202580903e-5	1.00448289389632
5.448499504900107	-4.403485746413316e-5	1.0050542685509516
5.521394813211835	-4.925575440263739e-5	1.0055995317274358
5.595265385625006	-5.4311756455756604e-5	1.0061187067438708
5.67012427016822	-5.918628975865425e-5	1.0066120218807748
5.74598468943925	-6.386326393981283e-5	1.007079876692506
5.822860042940604	-6.832711238947824e-5	1.007522806009636
5.90076390944632	-7.25628319272159e-5	1.0079414422734743
5.979710049400441	-7.655602199302026e-5	1.0083364768640684
6.059712407347572	-8.029292350159111e-5	1.008708621091961
6.140785114395951	-8.376045750736302e-5	1.0090585675224133
6.222942490713482	-8.694626382767918e-5	1.0093869522889736
6.30619904805716	-8.983873976236935e-5	1.009694319032465
6.390569492336328	-9.242707902945745e-5	1.0099810850716258
6.476068726210246	-9.470131100860163e-5	1.0102475103746058
6.562711851720393	-9.665234034622254e-5	1.0104936698563658
6.650514172958001	-9.827198692953344e-5	1.0107194294772557
6.73949119876727	-9.95530261815419e-5	1.0109244265627595
6.829658645484756	-0.0001004892295665499	1.0111080547052298
6.921032439715392	-0.00010107540512702897	1.0112694535451983
7.013628721145682	-0.00010130743779954596	1.0114075036635843
7.107463845394496	-0.00010118232918148438	1.011520826747515
7.202554386902031	-0.00010069823634370495	1.0116077911214654
7.298917141857414	-9.98545092091619e-5	1.011666522663025
7.396569131165471	-9.865172594631517e-5	1.0116949210489126
7.4955276034531915	-9.709172576132765e-5	1.011690681202613
7.595810038116421	-9.51776384170187e-5	1.0116513197405879
7.697434148407309	-9.291390976186116e-5	1.0115742061400796
7.80041788456306	-9.030632252122744e-5	1.0114565982789978
7.904779436976556	-8.736201158783735e-5	1.0112956819278738
8.01053723940939	-8.408947305073686e-5	1.0110886137064619
8.117709972247884	-8.049856622370184e-5	1.0108325669545435
8.22631656580268	-7.660050797571608e-5	1.0105247799086714
8.336376203652469	-7.240785872865787e-5	1.0101626055256245
8.447908326032453	-6.793449957045874e-5	1.0097435622504152
8.560932633268145	-6.319560003499316e-5	1.0092653849929194
8.675469089255117	-5.8207576221467216e-5	1.0087260755542231
8.791537924985278	-5.2988039063865696e-5	1.0081239517323506
8.90915964212037	-4.755573271244313e-5	1.0074576943382763
9.028355016613236	-4.193046315075015e-5	1.0067263913675901
9.14914510237756	-3.6133017339457575e-5	1.0059295786016782
9.27155123500669	-3.0185073347809797e-5	1.0050672759539918
9.395595035542225	-2.4109102100342967e-5	1.004140018932716
9.521298414293023	-1.792826152570169e-5	1.0031488846590715
9.64868357470529	-1.1666284041337464e-5	1.002095511960333
9.777773017284462	-5.34735843804947e-6	1.000982115146433
9.908589543569548	1.0039926622827016e-6	0.9998114911769188
10.041156260160651	7.363038517284779e-6	0.9985870200292943
10.175496582800374	1.3704967826329398e-5	0.9973126581875174
10.311634240509816	2.00050167984187e-5	0.9959929252784653
10.44959327977994	2.6238596380059213e-5	0.994632883992136
10.589398068818952	3.2381417327501164e-5	0.9932381135250687
10.731073301856588	3.84096118663347e-5	0.9918146768845097
10.874644003505928	4.429985076661554e-5	0.9903690824803207
11.02013553318358	5.002945477065506e-5	0.988908240511014
11.167573589589015	5.557649943969107e-5	0.9874394147180501
11.316984215243815	6.091991263075138e-5	0.985970170137892
11.468393801091668	6.603956397153594e-5	0.9845083175227691
11.621829091159885	7.091634586430132e-5	0.9830618551295922
11.777317187283304	7.553224571464832e-5	0.9816389085912386
11.93488555389138	7.987040924317436e-5	0.9802476695863824
12.094562022859336	8.391519489266175e-5	0.978896334014326
12.2563747984242	8.765221948692877e-5	0.9775930403605865
12.420352462166615	9.106839542626296e-5	0.9763458089090935
12.586523978059331	9.415195981566643e-5	0.9751624824189646
12.754918697583198	9.689249601395049e-5	0.9740506688398021
12.925566364911637	9.928094816262223e-5	0.973017686590579
13.098497122164446	0.00010130962930285768	0.972070512875148
13.27374151473193	0.00010297222371671459	0.9712157354534672
13.451330496670233	0.00010426378413576689	0.9704595082330003
13.631295436168875	0.00010518072444774189	0.9698075109906821
13.813668121091418	0.00010572080850135237	0.9692649134823963
13.998480764590282	0.00010588313556337375	0.9688363441458052
14.18576601079667	0.00010566812292273718	0.9685258635527104
14.375556940586623	0.0001050774860665727	0.9683369427200071
14.56788707742419	0.00010411421677579243	0.9682724463432143
14.762790393282845	0.00010278255940574542	0.9683346209733219
14.960301314646047	0.00010108798553379024	0.9685250881163913
15.160454728588123	9.903716707311428e-5	0.9688448421951069
15.363285988936505	9.663794787358014e-5	0.9692942532723101
15.568830922516398	9.389931375828991e-5	0.9698730743981046
15.777125835479008	9.083136088126468e-5	0.9705804534035518
15.988207519714429	8.74452622390678e-5	0.9714149489261975
16.202113259350323	8.375323212900868e-5	0.9723745504142517
16.418880837337564	7.976848831998349e-5	0.9734567018183298
16.638548542123964	7.55052116897983e-5	0.9746583286422181
16.86115517441732	7.097850308540573e-5	0.975975867987031
17.08674005403888	6.620433717968308e-5	0.9774053011880507
17.315343026868618	6.119951312965362e-5	0.9789421886100208
17.547004471883294	5.5981601885335766e-5	0.9805817061365616
17.781765308288776	5.05688900542194e-5	0.9823186828631075
18.019667002747727	4.498032029183401e-5	0.9841476394814249
18.26075157670403	3.9235428261752294e-5	0.9860628268286555
18.50506161380517	3.3354276286147985e-5	0.9880582640655672
18.75264026742397	2.735738388799885e-5	0.990127775948298
19.003531268280884	2.1265655505360696e-5	0.9922650286663894
19.257778932168353	1.5100305734019195e-5	0.994463563737198
19.515428167778452	8.882782524524592e-6	0.996716829473909
19.776524484635274	2.634688820597132e-6	0.9990182095808535
20.041114001133423	-3.6222968240464347e-6	1.0013610484757163
20.30924345268412	-9.8665000761274e-6	1.0037386729928848
20.580960199970214	-1.6076330503020876e-5	1.006144410184885
20.85631223731168	-2.2230360497149543e-5	1.008571601008546
21.135348201143042	-2.8307402846090543e-5	1.011013609757889
21.418117378604187	-3.4286586372137955e-5	1.0134638291854403
21.704669716246134	-4.01474291014941e-5	1.0159156813358867
21.995055828853296	-4.586990847261464e-5	1.0183626141994901
22.289327008383726	-5.143452815375014e-5	1.020798094375182
22.587535233029026	-5.6822381109238066e-5	1.023215596013662
22.889733176395424	-6.201520863021541e-5	1.0256085863873146
23.19597421680774	-6.699545512549006e-5	1.0279705085046527
23.506312446737724	-7.174631854966129e-5	1.0302947612515903
23.82080268235869	-7.62517964255139e-5	1.032574677598308
24.139500473227848	-8.049672749366608e-5	1.034803501458625
24.462462112098237	-8.446682909208181e-5	1.0369743638270865
24.789744644861916	-8.814873042924946e-5	1.0390802588477672
25.12140588062619	-9.153000196583524e-5	1.0411140204871112
25.45750440192465	-9.459918115912323e-5	1.0430683004908012
25.798099575064796	-9.734579485150522e-5	1.0449355483022877
26.14325156061416	-9.976037859827058e-5	1.0467079936072718
26.49302132402666	-0.00010183449323075637	1.0483776321452427
26.847470646411153	-0.00010356073893895242	1.0499362153955993
27.206662135444088	-0.00010493276713355608	1.0513752447028009
27.570659236428053	-0.00010594529031231861	1.0526859703522355
27.939526243498445	-0.000106594090110721	1.0538593960468259
28.313328310979916	-0.00010687602366416619	1.0548862891639217
28.692131464894835	-0.00010678902834993469	1.0557571970936277
29.076002614625718	-0.00010633212491412249	1.0564624698733138
29.465009564733645	-0.00010550541892392176	1.0569922892402064
29.859221026934858	-0.00010431010042115792	1.057336704124602
30.25870663223755	-0.00010274844159127444	1.057485672501976
30.66353694324104	-0.00010082379220522164	1.0574291094139205
31.07378346659951	-9.85405725421506e-5	1.0571569408568677
31.48951866565248	-9.590426346044402e-5	1.0566591631256088
31.910815973224285	-9.29213932552914e-5	1.055925907087532
32.337749804594736	-8.95995209242643e-5	1.0549475067548628
32.77039557064343	-8.594721545945431e-5	1.0537145714191698
33.20882969116982	-8.197403079655137e-5	1.0522180605161762
33.653129608391495	-7.769047607823121e-5	1.0504493603028804
34.10337380062313	-7.31079809314198e-5	1.0484003613552622
34.55964179613837	-6.823885551490862e-5	1.0460635358355923
35.02201418721718	-6.309624516447978e-5	1.0434320134365616
35.490572644381196	-5.769407954570266e-5	1.040499654886091
35.96539993081946	-5.2047016317982344e-5	1.0372611218946008
36.446579917007185	-4.6170379414920394e-5	1.0337119424456858
36.934197595520125	-4.008009215293426e-5	1.0298485703734812
37.4283390960471	-3.3792605489322923e-5	1.0256684382342707
37.92909170060336	-2.7324821859447506e-5	1.0211700025667299
38.43654385894764	-2.0694015127110534e-5	1.0163527807422958
38.950785204205246	-1.3917747279371013e-5	1.011217378733269
39.47190656870034	-7.01378258381986e-6	1.0057655092682913
39.99999999999999	-6.787964781628015e-20	1.0000000000000002
