0.06601857883035604
1.329473501338596
-0.7532345893237156
0.351765133710582
-0.34945374325581
-0.4813961715071028
0.5241994555564475
-0.6461578302844547
0.5027732151198558
-0.9029883646785142
0.4837707308179309
-0.932428160694612
-0.3492552425836953
1.2176965624316776
-0.3093177083778371
-0.7004916815145859
0.6238871222964757
0.4886970353740586
-1.34076365879762
2.952867225845477
-0.2515376300836935
-0.42029589651721755
-0.2611580754581986
-0.07678849215379177
0.20453388087414529
-0.4907792739417915
-0.39322768553143606
0.17710755254332106
0.4352009666899047
-0.318464684491162
0.2556893520532523
-0.05145625391266015
-0.6453805140919018
-0.12261409075174906
1.7600195488356007
-1.139426787947723
-0.5692349851897907
0.11221784553397968
0.6734614504265444
0.32178245484946194
-0.19479792694584439
-1.3778915579499742
-0.3418868832541416
-0.15856726275195057
0.11597705150294445
-1.0966686286388891
1.1706639036083433
-1.0249636061261775
0.2039920140303868
0.7419137514373844
-1.0305784715430126
-0.49080432675213637
0.18173515698742704
0.1847501022171759
-0.13451383516436974
0.07619905854036584
0.3264467507474233
-1.1513778598443252
1.349318712687782
0.11536729935580317
-0.0778991780471907
0.4051474580833244
-0.07813719934972467
-0.571255140371036
-0.9470856400874517
-0.2569713864576888
0.9771121559725177
-0.5514445218225672
-0.09079745293711301
0.5504654234109015
0.0633256178423904
-1.3737749237306718
1.4594310951221876
-1.344937957539088
-0.5667251225310174
2.496176025628577
-0.4776097581633663
-0.3329364046144688
-0.7473856122334068
0.8296269770230292
-0.20465423786783826
0.7874603251149951
0.4027038952540358
-0.7515573256656388
0.5821292087053207
-1.5306925722458191
-0.16745414135780248
1.088318602402266
-0.454019224975252
-0.0479326027785647
-0.40223350703408534
-0.32738787589321505
0.5132256101418139
-0.04092535506967718
0.5155682233259642
0.07687408105804829
-0.3365409924705755
1.014120600458218
0.8349994680820481
-0.4344760535628758
0.5112840374596058
-1.0125312135241205
-0.34561550368706295
0.3037474368600237
0.6979739156237127
-0.655213056390056
-0.07148671092627765
1.555184342233686
-0.48767638699990895
-0.5685844352623071
0.17015539547238862
-0.4789983353406769
0.043891246590727295
-0.31714981122586444
1.2430407818220646
-0.37605207715168876
0.506314817255794
-0.33767280403960576
0.1219524366066506
0.17599784449604602
-1.5117138032038746
0.8112644056858227
-0.7537319210317355
-0.825007301746935
0.31738682516734246
0.644345557604678
-0.07413205602070964
-0.45989933246444265
0.6183196885216473
-0.346442919100569
-0.3357716491860874
0.7849056145947896
-0.45786662992067284
0.05289015490837718
0.0013396889147731072
-0.8046901118954765
-0.10778182228116025
1.0681753506689455
-0.9148699183419262
0.40690557855235854
-0.45363709719688794
-0.33738499409558187
-0.5702295992241377
0.6522809525627296
-0.4498351563933074
1.1154378323669807
-1.0610822508664435
0.21176359208667425
0.1756926250712979
-1.1800506751289672
0.14134860626039353
-0.8792669756710276
0.4377724274540422
-0.07226010159551383
-0.012058305454232154
-0.5738606918457562
-0.35755083392125414
0.2567892049527507
0.08505478981125526
0.5754514194422061
-0.34507591393803155
0.24910288042972373
-0.8092044254034301
0.1086953774032725
0.10806469863856445
-0.407134519270431
0.010335642301099693
0.09470601981453308
0.307192326326648
-0.43221912154413084
-0.41675330303624625
0.6398441535063124
0.3451474131718092
-0.3877020399471674
0.6485798223126661
0.6320948831294162
-0.30746603803177497
-2.407164502542291
0.3395202746728089
-0.121882766984595
-0.2611057856210995
0.14793642097437265
-0.4754811322916895
0.15058694762145108
-0.5131040129139443
0.3809418906020895
0.5312157799574471
-0.08635230945906747
0.26878443687310744
0.45301308970573695
-0.8589080970621513
-0.8935869593947036
-0.6496486438535031
-0.542791234994462
1.4756161424073972
-1.1429140607800872
0.5678191126509468
-0.29906775480429265
-1.0950706796715783
0.7733392908707993
-0.4293877073867772
-0.2734249405948027
0.4683247483825621
-0.3092560739328376
0.7464090200058972
0.063255779607964
-0.10068245021234133
-0.7904890238422236
0.04903496485482757
0.07320208286622044
-1.2847824774021441
0.7074606857890451
0.06297331623724686
0.02542584737027223
0.6398885261237124
-0.48841584102976
1.3141854126419406
0.08207712357805119
-0.47782787111429903
-0.5703884255681063
0.007657611593384958
0.2439933562394285
0.22374781519239886
-0.09667600013134597
0.2058403657096548
-0.23994278567393962
-1.1376839278092854
-0.83205223207041
1.048527813773612
-0.32786782447410073
-0.9099054440775062
0.5643048154490717
-0.5791510251126385
-0.03131691290512213
0.5022338146812806
-0.5676950377794229
0.6204824066961644
-0.4882478954792002
-0.006574557307623785
-0.1445617768663157
0.22322149654563256
-0.9463624850585909
0.17117600221371237
0.16586463681202848
-0.5177570384881682
-0.20011881088596173
0.33895750674307096
0.003130931170806799
0.24269894670944323
-0.9013408711006231
0.495663063989429
-0.042036368722517314
-0.13398490875285562
-0.1769784875004298
-0.7696191726097242
1.2222918270899807
-1.137478520790175
-0.17419383075824132
-0.5523869325508862
-0.8964212246035264
0.7965983818687314
0.32827404986456643
-0.02372036977901053
0.24433545344712
-0.3556430694195813
-0.11521616538798844
0.002653107382088509
0.4671540683449531
-0.9691733111857475
0.21056772719892453
0.4096606092058451
0.2399762661260329
-0.6421656584855343
0.3417573048929552
0.15229061834517937
0.042706352362787685
-0.3460552533267263
0.05794055391963413
-0.7226759712895919
1.337850747339533
-0.6314368097511582
-0.16971941463645773
-0.062216772148204084
0.266900298580602
-0.5739928859167752
0.3499193590907909
-0.6837207208518893
-0.7521914615476533
1.0202001011435737
0.7988571011684847
-1.2126876918728184
1.0763092582011395
-0.3956661262107402
0.9191610627874403
-0.3276405682499632
-1.0552039417502372
1.0522458563305737
-0.3777174121922882
-0.016937836362067242
-0.5741046097855325
0.9103664876610696
-0.32184027479115157
-0.5345409391216692
-0.16416213919630274
0.2868495821449812
0.009926273240869945
0.5080218811311206
-0.39011656534723665
0.595644222212517
-1.4608473705587337
-0.6719068024673767
0.4519346399831795
0.6395749451744228
-0.3754820852185315
-0.2798076535656284
-0.8483278023581486
0.8171899161686668
0.524449619792378
-0.5258224073612376
0.3179979920254452
-0.4264749020819757
0.5339680169645709
-0.3962366440725033
-0.0316536304270256
0.2176763939907243
-0.9416912573390062
0.1660056980515747
0.17597349570054077
0.5681774545937585
-2.3449617693528055
0.43744436361734496
-0.03831573366814686
0.021532307476095646
0.1450330173526433
-0.3530273826554844
0.7312655589630037
-0.3637038428489812
0.10262016751000823
-0.2459236734337945
-0.26502473905172436
0.6929195477414
0.2970274696065299
-1.0694335415020872
-0.8783545263257356
0.9555717329981154
-0.7684336503745155
0.10211995710763438
1.0141502668483353
0.00496366577670321
-0.10181878798491732
-0.9162668909840768
0.3345722503112236
-0.3543160119166556
0.27494513716660685
2.0075015321860152
0.37499493749891377
-0.6103810870970429
-0.6396475924567795
1.0338253037307785
0.04785867468923488
0.2914705596153714
0.4183515696355714
-0.19846624048795525
-0.43122596895968146
-1.6160609733908455
0.802841670732557
-0.28362552407188857
-0.07128795823117981
0.6755082389135798
0.41682563398788147
-1.5581246557594488
0.963325479179539
-0.4676283672127871
-1.1855530325105836
0.7488514301313414
-1.0853799645665825
0.37828090333727993
-0.030874856976222765
-2.4762497759317914
2.2704730876133614
-1.325365729814584
0.24771411128164358
-1.4021300877175797
0.2583476754680041
0.39242922928990026
0.5079962392594166
0.019988896626563318
-1.1491489740289227
1.341124560925276
-0.1362767736431654
-0.20622136300755473
1.0641865054928326
-0.4534824820547789
0.7873236117382327
-0.4830519865702815
0.16720538933023976
-0.019500721983135315
-0.5413676392279909
1.702004917768757
-1.4051887992888112
-0.21860939471249236
0.6764309828164027
0.03194683172517817
0.3026023083149763
-0.5084150061583022
0.4166747840917109
0.846460673268665
-0.7207702098020661
-0.647352658984045
1.3953162410681295
-1.1683627728977757
-1.4678142278913109
-0.08609649445825397
-1.2620900036182254
1.496030565894185
-2.295718245855587
0.3335128013906101
0.6803748100399584
-0.4010380415740894
0.024309667721668645
0.25527223252843967
-0.4914720804449661
-1.332639413711283
0.19148508868461073
0.4323353484081592
0.34442328773004155
1.8171205009914808
-0.6743271506919861
-0.9161298032247747
0.07738381409105007
0.7366180336617026
-0.3689632301002306
-1.190320368553455
0.7062382499609191
-0.003994534501398359
-0.1388397688678275
0.02934591795945432
-1.5530278099534711
1.0259674791357372
-0.9588339538946594
1.4062336131068522
0.6716273543205697
-1.9303622171643906
0.775018855602131
-0.8087406877808734
0.006064113728156979
0.3345241051800592
1.2491522414829908
-0.3003744992349888
-0.11420166345784458
-0.9113308902870352
0.39182856057589965
-1.5722660390139453
0.23772749763401638
-0.07889108424358147
0.7137125791892802
-0.3299000226842183
1.0846672218989992
-1.3652775103539114
0.01599565196535893
0.12584120822301997
-0.7230990977165063
1.0121349911480726
-1.0743817767793955
-0.03843491645873845
-0.5625901802243258
-0.2072935514794311
-0.27308625077878085
1.3860563032869484
-1.1158764028170647
-0.20835521054211323
0.2546240103821013
-0.3918033449087585
0.05514847928203679
-0.6681539901523741
0.8349743415107694
-0.4797284776007191
-0.6224602310680138
0.7085247115428959
-2.01557918913635
0.5997851243305344
0.02029134912825957
-0.26478715888205123
-0.1429625668717826
0.18641013146261604
