1.7381889874663399
-0.8423196171700945
0.15869195407425338
-0.5299936181246564
-0.1070875620277178
-1.0894628164904525
0.5824269977323491
-1.1421885199149777
-0.6069053329657212
2.114372897455971
-0.513624925274306
-0.8985631637929665
0.19633198325592707
0.59079035345569
-0.37195588095233634
-0.912197546777139
1.6331222094717157
-0.6892919795037226
0.7982723070258428
0.32606995487381696
-0.2658125725224372
-1.7239596993165385
-0.45129184070695183
0.021443417682231437
-1.2111815644836712
1.545880462465657
-1.1590416055290556
0.22844302331846156
-1.3866032750209072
-0.23492281650839963
0.3113928833393903
-0.8785051868387171
1.5904074862962343
-0.30100267161899363
-0.19984702143266486
0.24125202013530703
0.49783986040196354
-1.1838107232426283
-0.6434933440211867
-0.18467850685196877
2.893688753646059
-0.4723229629396007
0.23388546963662896
-0.46162101621024954
0.4622672348671305
0.5328983129579506
-0.35155790193466807
-0.3060834688454438
-0.03825507074166568
0.29783707087731504
1.1530795505559053
-0.4269838659679736
0.4677863036510962
-0.6606292569015295
0.3300273178555365
-0.5256844237337801
-0.48240379333989253
0.14445270761747245
-0.11475639114217805
0.19747677954291107
0.2165181188573982
-0.6125234741458357
0.35908046342721733
0.047652882634955394
0.05402505175535478
-0.7156740766502029
0.3595888689610161
0.4813302353179145
0.011146705230619615
-0.0126693868798321
-0.5420081738970715
-0.8508228615097774
0.6657782536129495
0.32462815936665806
-0.14304051028229778
0.08369596391693623
-0.34320042764023645
0.29531895315461604
-0.412586384148337
0.15535203414610538
0.8256646576868341
0.6179714968741383
-2.5852651919004246
0.04198050940185561
0.19285238763501467
-0.621034436291173
0.45399155710132616
-0.13156656369286013
-1.1349977360707877
0.7296843166766729
0.19635449174923209
-0.7427802374823459
-1.1213019416624856
0.9614503122270176
-0.4761301166991473
-0.35380105108052673
0.4655501870476222
-0.4217660604070877
0.7225180674690237
0.021781317663098432
-0.9472737142189298
-0.11997377771686957
-0.031824096881331185
0.1489060529146001
-0.2598514396690168
0.8674527557514321
-0.08128616415300073
0.17580354447156155
-0.4595704459618522
-0.6363805800309803
0.07513568294396471
0.47145974051987716
0.3441284276873452
-0.75369963919724
-0.26857911331704626
-0.0007261588732899326
0.19341650064759455
-0.13484037590833356
0.06467034663231894
0.30356001245330627
-0.5630703318426729
-0.12058639622142907
0.4048240813345265
0.11565473946515036
-0.19088318013583475
-0.9183389966533291
0.8694527215887774
-0.7294866809976872
-0.8379781111131254
-1.031710572864358
0.7428724755526757
0.3574991309104471
0.385090001143212
-0.5326883195566028
0.1029391156663877
0.312282222172556
-0.9767924666864567
0.3490585111640231
0.18598416122000497
0.010086447645182446
0.2018604200166827
-0.28031925670954533
-0.06898374860575633
-0.8202189471426287
1.3534438949197585
-0.6980558462732083
0.43852284825631066
-0.9999922044737117
-1.1966983121628498
1.0869895242560237
0.621237184929059
-0.5996223792092799
-0.046899889954297926
0.5534801089801014
-1.2405344435254364
-0.7521995308601717
0.8188192905787658
0.5296542172702551
-0.6433602906731771
-0.3507793512468891
0.7264743904069677
-0.49925121462792454
-0.7153043070804689
0.8553092907636937
-0.10383259157814102
-0.3248653320930169
-0.2908272152624768
0.9364061667314543
-0.4677296534102968
0.006498722416388349
-1.5758428696863727
0.917112100020713
0.2825676641882025
0.2581793990178733
-1.0976064148406048
0.16641182500143067
1.9633548519319377
0.3239030911036563
-0.7106818029283924
-0.9078095158469692
1.1982162677244519
0.3677511325602707
0.610645372220195
-0.447739860405511
-1.3531919491250606
0.2000268318711137
0.5801492009979138
-1.7171951146072004
0.012930370420863582
0.13271329371577764
0.012531406416154044
0.13549893123497989
-0.8763027584940852
1.212335940569674
0.23629315565556172
0.329683335385579
-1.2712300939272643
0.14546877000322234
0.15031318404556465
0.19558390466639167
0.25966097806629485
-0.16922196391130193
-0.995908160394407
1.6171491413639598
0.09633129420069307
0.06498136721498614
0.033889543132244064
0.4586533555556052
0.7221064369598318
-1.075987063685444
-0.895224781707299
0.37829693988648944
0.6771340936583453
0.18971068400176758
-0.5965566720102697
-1.3876995794070732
0.26258243612712695
0.3730535347720582
1.607413550180035
-0.4902087857416578
0.2832825246629271
-1.5257021413940144
1.2418723614174516
-1.0660165125161027
-0.4915466292140446
-0.3430013371300538
-0.08011053189660258
1.1102727864685469
0.15211323705857843
-0.3720831926270494
0.42740440038372574
0.09853015221928542
-0.05046884090513971
-0.7071323196156272
0.19731021945389973
-0.29228387977920517
-0.010805954047414983
0.5430642464907757
-0.9010955117132785
0.2419895074695891
-0.12329683659998164
0.40266513913099417
