1.7206578321419344
-0.8768200908928877
0.11479591654044918
-0.556001892616507
-0.16528179778178756
-1.2918302863149702
0.6243407231856862
-1.2357593372485676
-0.4483263998899269
2.311207726710634
-0.2581219449809101
-0.691724468267447
0.23944730799615677
0.5530077830196567
-0.3895070394723236
-0.960733577138009
1.624973781607912
-0.7594013289688398
0.8302205038625036
0.295679160715601
-0.28946779441256576
-1.7284149551773569
-0.408961855675239
0.04976680849349447
-1.1213712692693856
1.6725257987312236
-1.1033910211690958
0.3323524336701045
-1.3027812742362803
-0.18305911918057224
0.270075016237963
-0.9472834488755734
1.5501323512503078
-0.34451622798441034
-0.19493627049190032
0.23894552546799785
0.5098832311249879
-1.1967254943702148
-0.5130872637047391
-0.12300893764766797
2.931245626375488
-0.4425640458811163
0.12488534294504226
-0.535587483052958
0.48028003897168003
0.5180052827052226
-0.3160497172482303
-0.311524227647801
0.031198833865107335
0.3254864290129491
1.1577663866507637
-0.3638450950626193
0.5239175154152812
-0.652669120180534
0.14289124055749813
-0.5754068932487237
-0.5148485354740182
-0.018986412484739045
-0.12342737858983199
0.1261773899886569
0.18775678121664627
-0.3601785260608896
0.25642741055181956
0.27305231511098
0.17139177558642063
-0.940231445057561
0.08648803910696815
0.27400366633724915
-0.07999383944774686
-0.09291434505387111
-0.610356926955491
-0.8607578376488951
0.6149133647217931
0.34247028644801825
-0.1271136618426599
0.0048619612115350375
-0.38669014626008935
0.2794830126821988
-0.3709732957439759
0.15329875222203992
0.8528890953378996
0.6800505486100584
-2.5407320766214103
0.13750175687691113
0.1696713356956954
-0.6750371586334631
0.48440071242048366
-0.17304361303575003
-1.035944471042172
0.8494878957327758
0.2592096555327364
-0.5922145266848179
-1.0301682015784892
1.174431290419186
-0.4605968618659126
-0.368427632204667
0.4289079834406894
-0.4735111896598956
0.6718717049763657
-0.014728910998955111
-1.0258882955325594
-0.17012900054313262
-0.11516879256324378
0.06345078278563382
-0.21509409390070547
0.8796648711280813
-0.025892834937871374
0.21778828502392686
-0.42970188575753154
-0.5932507418477824
0.04027168000102164
0.4187139274263643
0.17489249933435197
-0.9839637315474243
-0.39050036972906865
0.1342908800002654
0.27708316530709975
-0.40634465792933205
0.2420636210365775
0.14048426532575403
-0.6660703408457799
-0.25330562541929524
0.44183521435681294
0.10711145119784259
-0.1580312226424907
-0.9071696726745927
0.9787015995647168
-0.47106160251861723
-0.8772896612192451
-1.0400953217905562
0.7161658951516475
0.44838793082587647
0.27667181101726324
-0.6081805380546131
0.09720398804091909
0.20547716648356854
-0.9859240556115471
0.26183115945307583
0.11609708017061068
0.12520265071215475
0.414182320658708
-0.013542866821771478
0.01653330526199535
-0.9190829368497166
1.2419874625398022
-0.8056867399380766
0.2732640986177777
-0.95546390668512
-1.0114532161965875
1.316998892657825
0.5064911293172351
-0.6909619831938996
0.10392277612280623
0.3693377132051793
-1.276081953557536
-0.6920807046599061
0.8663092903869495
0.6109792844617534
-0.5442516072405816
-0.42981019696174294
0.5801067608651862
-0.5033463699081964
-0.7436677272237401
0.7952629930464262
-0.08271730514192897
-0.2241621194873067
-0.16527116799110675
0.9424633331472835
-0.3269758318630792
0.09151659083404538
-1.7151177181410686
0.8185086157330886
0.33467379917644374
0.2862253830138213
-1.0726511069501903
0.26185948647453694
2.002519033376308
0.35081470692101846
-0.689399660535718
-0.9417597562573151
1.1940880036156278
0.37143533326275247
0.531253200710412
-0.34308253529504257
-1.3160255695141785
0.1190963946646669
0.604586591899183
-1.699525234768828
-0.12001604450778658
0.0253437809237658
-0.0881749305312184
0.19745227366125914
-0.8513551334086178
1.2553669595511698
0.266020392273998
0.4072853403272015
-1.1673229787952464
0.12073752193307997
0.11649296898445069
0.1275419142796628
0.3236733151696914
-0.0710317209340949
-0.8302747808470266
1.6921648153880282
0.14585524534207261
0.05304833136961981
0.07589545158829392
0.4142143321137024
0.7135263540119742
-1.096399837017259
-0.9166940617354916
0.40372592930153123
0.6615901658211965
0.14978119464437514
-0.6492943031548636
-1.3892157486098415
0.25296165423782085
0.47321691608095157
1.6569649483116664
-0.4600321738179018
-0.05014903919270859
-1.4770481833849858
1.4067819303703388
-0.8746744626121373
-0.3387098692541359
-0.21897608805296284
0.009591831002867604
1.1680006711109747
-0.08701626908452292
-0.5579411159801113
0.35237632693762455
0.2616719545239439
-0.047493826360286116
-0.8453594274931873
0.029710012145915513
-0.2569052929350822
-0.021931004157994982
0.7016021969842768
-0.7143748637602433
0.2875360145103327
-0.036214574646296044
0.38237888448283
