# Simulated light curve
# model: OneBendPowerLaw
# input parameters: A,alpha_1,f_1,alpha_2
# [ 1.         -0.40021394  0.03214472 -2.74496085]
# Fvar:0.25369798523923454
# FoM:12.916329395924251
# seed: 278900
# seed_gaps: 225596
# Time	Value	Error
0.000000000000000000e+00 1.734701415728310714e+00 2.924524476724959729e-02
7.500000000000000000e-01 1.724298275582984097e+00 1.813763346229125759e-02
1.750000000000000000e+00 1.886530896453775030e+00 1.983869048124307574e-02
2.500000000000000000e+00 1.701867584324640026e+00 2.048538640206922293e-02
3.750000000000000000e+00 1.554638745439886227e+00 2.756723249383513305e-02
4.750000000000000000e+00 1.741133099028247200e+00 1.911125929361769116e-02
5.750000000000000000e+00 1.793489297574360153e+00 4.909602641947211077e-02
8.750000000000000000e+00 1.761386378912117134e+00 2.906190437028915996e-02
1.200000000000000000e+01 1.967269826432982427e+00 3.363123534872328180e-02
1.225000000000000000e+01 2.014633451783059748e+00 2.444356034417145135e-02
1.400000000000000000e+01 2.069682441569360876e+00 2.309604005296922100e-02
1.525000000000000000e+01 1.923208558376598765e+00 1.714731363333707459e-02
1.625000000000000000e+01 1.883078306169815308e+00 3.214005414447225484e-02
1.750000000000000000e+01 1.934590140060160168e+00 1.721669501776830480e-02
1.825000000000000000e+01 1.829079273606152967e+00 2.406551474279704922e-02
2.025000000000000000e+01 1.644683217819868259e+00 3.497763623479431538e-02
2.050000000000000000e+01 1.684663383490813571e+00 2.060906754559343676e-02
2.075000000000000000e+01 1.586415025175710980e+00 1.832296851416331460e-02
2.175000000000000000e+01 1.457827709144835504e+00 3.505539317395243992e-02
2.200000000000000000e+01 1.355313376199548170e+00 1.966522910893270248e-02
2.225000000000000000e+01 1.353568985533887270e+00 2.973366052009386237e-02
2.250000000000000000e+01 1.341697822952512498e+00 1.852121652321397569e-02
2.325000000000000000e+01 1.390599823774974375e+00 2.090806454202210826e-02
2.500000000000000000e+01 1.194465183954956711e+00 3.731055203573152568e-02
2.525000000000000000e+01 1.060009185456279424e+00 1.792311419350598942e-02
2.090000000000000000e+02 1.412155267363317979e+00 2.269423069899367471e-02
2.100000000000000000e+02 1.348742757779883616e+00 1.492963700006679981e-02
2.105000000000000000e+02 1.371816045084522040e+00 3.169929394286075119e-02
2.107500000000000000e+02 1.344511564190270514e+00 3.656411366706315696e-02
2.140000000000000000e+02 1.398965497485658238e+00 3.173009973230876690e-02
2.142500000000000000e+02 1.369011501130679154e+00 2.535026426921027642e-02
2.150000000000000000e+02 1.460473044230576001e+00 2.409969085208213055e-02
2.152500000000000000e+02 1.402713005980823047e+00 1.291715208430919797e-02
2.157500000000000000e+02 1.229979680553415111e+00 1.125384173627126672e-02
2.167500000000000000e+02 1.044977649943314768e+00 1.535024298333393517e-02
2.172500000000000000e+02 9.468170947506828750e-01 1.420585552626439825e-02
2.185000000000000000e+02 7.238427641072515684e-01 1.593572539833701743e-02
2.192500000000000000e+02 7.397589067404529706e-01 3.002717507268174574e-02
2.200000000000000000e+02 8.598134476589439634e-01 1.860067682056571262e-02
2.207500000000000000e+02 8.237278952767699280e-01 1.195577967686411655e-02
2.222500000000000000e+02 7.649942371079950787e-01 1.928945503424464927e-02
2.232500000000000000e+02 7.217296303631502985e-01 2.269813465619783047e-02
2.242500000000000000e+02 8.139523588727095582e-01 1.633589819666784321e-02
2.290000000000000000e+02 9.858237907422422452e-01 2.114173791809124611e-02
2.310000000000000000e+02 1.111103625073561529e+00 3.831105838104970768e-02
2.312500000000000000e+02 1.226243380552146878e+00 3.855465540200734426e-02
2.335000000000000000e+02 1.113764315108803693e+00 3.227060963157488138e-02
2.360000000000000000e+02 1.375513666262697443e+00 3.682213786038664172e-02
2.362500000000000000e+02 1.494201079435201862e+00 2.386122113036368009e-02
2.365000000000000000e+02 1.463115528060165316e+00 2.317011324270970563e-02
2.370000000000000000e+02 1.533554490143971938e+00 2.379111077677916256e-02
2.372500000000000000e+02 1.569858226745674212e+00 2.276437553558271348e-02
2.387500000000000000e+02 1.953243958114077916e+00 1.806708401115394991e-02
2.392500000000000000e+02 2.095171985496439238e+00 1.558926828852970695e-02
2.395000000000000000e+02 2.071310604068608452e+00 2.610619734416191884e-02
2.397500000000000000e+02 2.095239219027976940e+00 2.612115848230273790e-02
2.400000000000000000e+02 2.100957774771599063e+00 1.592585352328944326e-02
2.407500000000000000e+02 1.815091834802298187e+00 3.813897512882209739e-02
2.452500000000000000e+02 1.270138698993365178e+00 2.351467357638711148e-02
2.455000000000000000e+02 1.142354687077501429e+00 1.217534007476704129e-02
2.465000000000000000e+02 1.166975779813175240e+00 2.750176508503380385e-02
2.472500000000000000e+02 1.035119110683607735e+00 2.812947220514539284e-02
2.482500000000000000e+02 1.107485997891949792e+00 2.250033094676099146e-02
2.487500000000000000e+02 1.074856935813270908e+00 2.505808281645910407e-02
2.497500000000000000e+02 1.045406760578305283e+00 3.547286891229915057e-02
2.525000000000000000e+02 1.076877457528001791e+00 1.043386271073486367e-02
2.530000000000000000e+02 1.077066616036511437e+00 3.016819472429331864e-02
2.535000000000000000e+02 1.156533582460088860e+00 2.551408359759447728e-02
2.547500000000000000e+02 1.206763833962142485e+00 1.970153355630388861e-02
2.550000000000000000e+02 1.171352199455005128e+00 1.765009330302339668e-02
2.565000000000000000e+02 9.790939736532406901e-01 2.719335797588724388e-02
2.570000000000000000e+02 9.411629580647866700e-01 2.152317068933278649e-02
2.575000000000000000e+02 1.065474367595351746e+00 1.123903211238866558e-02
2.577500000000000000e+02 1.162047833575219125e+00 3.563207468880102285e-02
2.585000000000000000e+02 1.227429273528340081e+00 2.241649212748962616e-02
2.612500000000000000e+02 1.635713404150320072e+00 1.403818332450655799e-02
2.620000000000000000e+02 1.714095325555945459e+00 1.444961259717079255e-02
2.635000000000000000e+02 1.595660317308837284e+00 3.088769022751355550e-02
2.640000000000000000e+02 1.602460894695847626e+00 3.964429554962108082e-02
2.642500000000000000e+02 1.539561892840927371e+00 3.121688607485823344e-02
2.647500000000000000e+02 1.430834006886202880e+00 2.651437316439793357e-02
2.655000000000000000e+02 1.514176959740816786e+00 1.370932170437820681e-02
2.660000000000000000e+02 1.517941360617967250e+00 2.793505233403644275e-02
2.662500000000000000e+02 1.491481975638100810e+00 1.496063248492343276e-02
2.670000000000000000e+02 1.501045198747853693e+00 2.100215026807440710e-02
2.677500000000000000e+02 1.507135596464627580e+00 1.405999585614822224e-02
2.680000000000000000e+02 1.536761241491104935e+00 3.269690700504318537e-02
2.682500000000000000e+02 1.624470433964723570e+00 3.081204535760199981e-02
2.707500000000000000e+02 1.236955155356018299e+00 1.735411820703872815e-02
2.715000000000000000e+02 1.092190162197348213e+00 2.797617753507062113e-02
2.727500000000000000e+02 1.168653518803913105e+00 3.709388216594378812e-02
2.730000000000000000e+02 1.074279152179376640e+00 3.589507529608288589e-02
2.735000000000000000e+02 1.175088486315017500e+00 2.138335961632270923e-02
2.745000000000000000e+02 1.314651410819873689e+00 3.726406087500828274e-02
2.750000000000000000e+02 1.472613869751953297e+00 3.212940106698863180e-02
2.757500000000000000e+02 1.597726600041888378e+00 3.592202101579643897e-02
2.762500000000000000e+02 1.466903853576181360e+00 2.730961877282719885e-02
2.770000000000000000e+02 1.435121876915577355e+00 1.474060973549893433e-02
2.797500000000000000e+02 1.002467255565061777e+00 1.001486165056905686e-02
2.805000000000000000e+02 1.053817570118979807e+00 1.631405778994314548e-02
2.812500000000000000e+02 1.106148589088236101e+00 1.550102810686595362e-02
2.845000000000000000e+02 1.114470753376640921e+00 2.538349177259734829e-02
3.425000000000000000e+02 8.168346102289172350e-01 1.403387904491803541e-02
3.430000000000000000e+02 8.087261416218738397e-01 2.584665291944103840e-02
3.432500000000000000e+02 8.631482333316069511e-01 1.041976083574597256e-02
3.447500000000000000e+02 8.314795423653885686e-01 1.748037299695765975e-02
3.452500000000000000e+02 7.990352636594495461e-01 9.701428821607087707e-03
3.470000000000000000e+02 9.413630875557823519e-01 1.751979923356757063e-02
3.495000000000000000e+02 1.473319619817708981e+00 1.971329030820400882e-02
3.502500000000000000e+02 1.509405979935971587e+00 3.391959551258489497e-02
3.517500000000000000e+02 1.413577413773759783e+00 2.903491272208172727e-02
3.522500000000000000e+02 1.456938496048691078e+00 2.203939991929211584e-02
3.530000000000000000e+02 1.133031676242234331e+00 1.939245949606030126e-02
3.535000000000000000e+02 1.148492100840523999e+00 2.165119037388722398e-02
3.540000000000000000e+02 1.141121646618662444e+00 1.206814622777186395e-02
3.545000000000000000e+02 1.167559069600153876e+00 1.997409024159227039e-02
3.557500000000000000e+02 1.342062568889921259e+00 3.645620447617230198e-02
3.560000000000000000e+02 1.241315961147007929e+00 1.914077946367348168e-02
3.562500000000000000e+02 1.162853322615865714e+00 2.071865029020202725e-02
3.582500000000000000e+02 1.269399413915890173e+00 2.331694078461809400e-02
3.600000000000000000e+02 1.134867136409253963e+00 1.821462599626464535e-02
3.602500000000000000e+02 1.089264451019629654e+00 2.426652753045132477e-02
3.622500000000000000e+02 1.019280611779961321e+00 1.096887962985048336e-02
3.627500000000000000e+02 1.014147903023421504e+00 2.190629693006363246e-02
3.630000000000000000e+02 9.380586060560406336e-01 2.579487031763836799e-02
3.635000000000000000e+02 9.359761532979533616e-01 1.587794490657104887e-02
3.657500000000000000e+02 8.400737587068787260e-01 1.553965258997613667e-02
3.662500000000000000e+02 8.635411073163021811e-01 3.180324757557359550e-02
3.670000000000000000e+02 8.776793734838900241e-01 1.818248847427976489e-02
3.687500000000000000e+02 1.258218420773609569e+00 2.906002833401003654e-02
3.695000000000000000e+02 1.495541862301091429e+00 4.449006079970245497e-02
3.727500000000000000e+02 7.778481224083204637e-01 9.356401819242026949e-03
3.730000000000000000e+02 7.295359199016027141e-01 1.376662684382728118e-02
3.732500000000000000e+02 6.984576784047550335e-01 1.425328622515211092e-02
3.745000000000000000e+02 6.383758613130967596e-01 1.996646516493636239e-02
3.750000000000000000e+02 5.849692537914684687e-01 9.143887855928038363e-03
3.752500000000000000e+02 6.065348526386071804e-01 1.849861569590289037e-02
3.762500000000000000e+02 7.031137054896040572e-01 2.094462704014104712e-02
3.772500000000000000e+02 8.457619667186094814e-01 2.187215597413532525e-02
3.797500000000000000e+02 1.046652340996645503e+00 1.668628791855391452e-02
3.815000000000000000e+02 1.266932303144499450e+00 1.173862845884980459e-02
3.820000000000000000e+02 1.336658052444935407e+00 1.765321554664944781e-02
3.830000000000000000e+02 1.265617357814456723e+00 2.002644492106956178e-02
3.832500000000000000e+02 1.239153000865893306e+00 2.719414098798320079e-02
3.835000000000000000e+02 1.268279526820686121e+00 3.628735897944769528e-02
3.845000000000000000e+02 1.148107580962961727e+00 1.137204271549685335e-02
3.847500000000000000e+02 1.112422428263659890e+00 2.242794150991148094e-02
3.857500000000000000e+02 9.901298760182609682e-01 1.201428740697211422e-02
3.865000000000000000e+02 9.101455467681488498e-01 2.822651460434194570e-02
3.895000000000000000e+02 8.652926933672137055e-01 9.778640179720052977e-03
3.900000000000000000e+02 8.643497930970748255e-01 1.344055281947415317e-02
3.915000000000000000e+02 8.928717840212474499e-01 1.308404777591380685e-02
3.930000000000000000e+02 7.408105453385804839e-01 2.491980575906703813e-02
3.945000000000000000e+02 9.051015515123301824e-01 9.705217978146309099e-03
3.955000000000000000e+02 8.847715741120684152e-01 2.692874691776814267e-02
3.960000000000000000e+02 9.655778442924864979e-01 2.247790758983359699e-02
3.962500000000000000e+02 1.012612360667705769e+00 2.179959851201065599e-02
3.980000000000000000e+02 8.836672287845382945e-01 3.302513834462177111e-02
3.982500000000000000e+02 8.026877910619837353e-01 1.280827747246552316e-02
3.987500000000000000e+02 7.607686899634004130e-01 9.951376669490172994e-03
3.990000000000000000e+02 7.718625600774169371e-01 2.745827631781997541e-02
3.997500000000000000e+02 7.402822387093760392e-01 2.167721149997336658e-02
4.000000000000000000e+02 7.235107599972075976e-01 8.883604994397871144e-03
4.002500000000000000e+02 7.552423949135831371e-01 2.174719311294931456e-02
4.017500000000000000e+02 9.535692306916143668e-01 3.493259691938220557e-02
4.057500000000000000e+02 9.320916018235861911e-01 1.330432393218617705e-02
4.062500000000000000e+02 1.059639854754437227e+00 2.653161591357903679e-02
4.070000000000000000e+02 1.023893344049606524e+00 2.507187547958990986e-02
4.072500000000000000e+02 1.034952632346133106e+00 1.858695020191224526e-02
4.085000000000000000e+02 9.002205777113210239e-01 2.549215231841307078e-02
4.095000000000000000e+02 9.937792470782705889e-01 3.202245115312787882e-02
4.100000000000000000e+02 1.000839515044883443e+00 1.459063858500501271e-02
4.150000000000000000e+02 1.206053565270565731e+00 1.823536677385253699e-02
4.162500000000000000e+02 9.798996456724270443e-01 1.414063158164917226e-02
4.165000000000000000e+02 9.144139544649830809e-01 1.921521114496746799e-02
4.170000000000000000e+02 8.179976176457854908e-01 1.262756926403075901e-02
4.177500000000000000e+02 7.661046000061980665e-01 2.612546709484475996e-02
4.187500000000000000e+02 8.122684789742772304e-01 1.445191147676204435e-02
4.232500000000000000e+02 9.144774104694964878e-01 1.976198556044243826e-02
4.245000000000000000e+02 1.007267547145451081e+00 1.574907068433209836e-02
4.262500000000000000e+02 1.125008835680372465e+00 3.829540631995875105e-02
4.270000000000000000e+02 1.279318490501524241e+00 2.301306415972438624e-02
4.272500000000000000e+02 1.271782134208447212e+00 3.979835812748231533e-02
4.275000000000000000e+02 1.347657199851170828e+00 2.336994979134051145e-02
4.277500000000000000e+02 1.359910005753386830e+00 3.493366359825442191e-02
4.287500000000000000e+02 1.675210850882800306e+00 4.280008036709211788e-02
4.292500000000000000e+02 1.798652275116192412e+00 2.329101557021123411e-02
4.305000000000000000e+02 1.769990262726201635e+00 4.606032958923325649e-02
4.325000000000000000e+02 1.615164865797158900e+00 2.326038206499901270e-02
4.340000000000000000e+02 1.348893708408611225e+00 3.657367375063753229e-02
4.342500000000000000e+02 1.292648526523757946e+00 1.911575214392936123e-02
4.347500000000000000e+02 1.158222354211770888e+00 1.353039552283395210e-02
4.350000000000000000e+02 1.090743479192555654e+00 3.541034891029874038e-02
4.357500000000000000e+02 1.056205620884576257e+00 1.697573167736939406e-02
4.367500000000000000e+02 1.016453170378566195e+00 1.910687490296929941e-02
4.372500000000000000e+02 1.121356857422738162e+00 2.812174606159494397e-02
4.375000000000000000e+02 1.019251477221191582e+00 3.209788085225101506e-02
4.382500000000000000e+02 1.070947071617955215e+00 1.553915595429035054e-02
4.397500000000000000e+02 1.214687700326383624e+00 2.240709259351341548e-02
4.412500000000000000e+02 1.270479616750714857e+00 1.242533117345652818e-02
4.417500000000000000e+02 1.178863881539357283e+00 2.840092273141539211e-02
4.427500000000000000e+02 1.163172470907825717e+00 1.481355572955424769e-02
4.430000000000000000e+02 1.207217014232932373e+00 1.786878960090817342e-02
4.437500000000000000e+02 1.271750166540693172e+00 4.395252812186866559e-02
4.442500000000000000e+02 1.268525118023720699e+00 2.780734035867834034e-02
4.460000000000000000e+02 1.113631545211891671e+00 1.718083274726979123e-02
4.487500000000000000e+02 1.301921635313916692e+00 2.817167503346680590e-02
4.490000000000000000e+02 1.364108822589105152e+00 1.844747083984085018e-02
4.500000000000000000e+02 1.566575790045882099e+00 4.042175675507182070e-02
4.505000000000000000e+02 1.480102168909045890e+00 1.683930271414971203e-02
4.510000000000000000e+02 1.288899264102410180e+00 1.512231781060353886e-02
4.517500000000000000e+02 1.216677763542057589e+00 1.498813199284327810e-02
4.530000000000000000e+02 1.191428865218023825e+00 3.529459561684661351e-02
4.535000000000000000e+02 1.153073214934631885e+00 2.188556993440940804e-02
4.540000000000000000e+02 1.127911346632249678e+00 1.920465499709598720e-02
4.555000000000000000e+02 1.199826738302079976e+00 2.740627064272416896e-02
4.565000000000000000e+02 1.251822595393702997e+00 1.666465969106180334e-02
4.572500000000000000e+02 1.224328934774809197e+00 2.908974270491379924e-02
4.582500000000000000e+02 1.224415542073871599e+00 3.063960858722387590e-02
4.585000000000000000e+02 1.264628001010304148e+00 3.590900403818362424e-02
4.600000000000000000e+02 1.448574755663544877e+00 1.621265234316171533e-02
4.615000000000000000e+02 1.709715518526212286e+00 1.373099082623110978e-02
4.620000000000000000e+02 1.709826046382539877e+00 2.521728096824235252e-02
4.672500000000000000e+02 1.502696077720627299e+00 3.156652143277613454e-02
4.700000000000000000e+02 1.460627840210019235e+00 3.107492982335596787e-02
4.702500000000000000e+02 1.425663744268283573e+00 2.888541560576779119e-02
4.710000000000000000e+02 1.599292811682061277e+00 4.487809966851744742e-02
4.717500000000000000e+02 1.462977939044292297e+00 1.507266375744101446e-02
4.720000000000000000e+02 1.486110959750618798e+00 2.148142307326931372e-02
4.740000000000000000e+02 1.452879780258075071e+00 2.259403435119872877e-02
4.745000000000000000e+02 1.446139081746665056e+00 2.085164425505165245e-02
4.760000000000000000e+02 1.646362366902007102e+00 4.130031960407007374e-02
4.775000000000000000e+02 1.423484061327124461e+00 2.678929648885059953e-02
4.795000000000000000e+02 1.208241186292545732e+00 3.514203314172451714e-02
4.800000000000000000e+02 1.210046305209957040e+00 1.931314531672256168e-02
4.805000000000000000e+02 1.153427657201494982e+00 1.557795568484284139e-02
4.820000000000000000e+02 1.002757348143842764e+00 1.155277550339935816e-02
4.827500000000000000e+02 1.002447077431172229e+00 2.155555922289246334e-02
4.835000000000000000e+02 9.166111836044438244e-01 1.310526442639618934e-02
4.837500000000000000e+02 8.880829549918793919e-01 1.471114186106173456e-02
4.850000000000000000e+02 1.037891929386416834e+00 2.615527573971384440e-02
4.862500000000000000e+02 1.062763173690194574e+00 1.193330710730189891e-02
4.865000000000000000e+02 1.120665268169301010e+00 1.440686621588662189e-02
4.867500000000000000e+02 1.157991419637679043e+00 2.924138552237232763e-02
4.875000000000000000e+02 1.202537577192547724e+00 1.258043466994674016e-02
4.885000000000000000e+02 1.162921445728762215e+00 2.199838278823292720e-02
4.887500000000000000e+02 1.225478203592172743e+00 1.659682775693708048e-02
4.910000000000000000e+02 1.158120718504550117e+00 3.747668007678155860e-02
4.920000000000000000e+02 1.111776639259288491e+00 2.176938411409462537e-02
4.952500000000000000e+02 8.100461562630382195e-01 2.412248212753250604e-02
4.967500000000000000e+02 6.288278511988956154e-01 8.400421370841801641e-03
4.977500000000000000e+02 5.843182834940332526e-01 1.209296017455750369e-02
4.982500000000000000e+02 5.328876283715997531e-01 9.459530992885574821e-03
4.992500000000000000e+02 5.039500621207994024e-01 1.945042064704215548e-02
5.002500000000000000e+02 5.158240867372696492e-01 1.247267125992174326e-02
5.007500000000000000e+02 5.749683625505901396e-01 2.328931559649680474e-02
5.030000000000000000e+02 8.219066119913183144e-01 9.430711759218826304e-03
5.032500000000000000e+02 7.904939537994261078e-01 1.440781948134686394e-02
5.037500000000000000e+02 8.304490591852516923e-01 3.359966328763760307e-02
5.042500000000000000e+02 7.937976584756759602e-01 1.140434411468207836e-02
5.065000000000000000e+02 1.049657645202419332e+00 3.140464696396640110e-02
5.067500000000000000e+02 1.053570387250536866e+00 1.448327298788869288e-02
5.072500000000000000e+02 1.075934413388442312e+00 3.382691238079411911e-02
5.075000000000000000e+02 1.073763707095264808e+00 3.601070587935073508e-02
5.095000000000000000e+02 1.037666200629745905e+00 1.189074135597344845e-02
5.100000000000000000e+02 1.029050952788431950e+00 1.402455093050454689e-02
5.105000000000000000e+02 1.036239322722714018e+00 1.100501629578393842e-02
5.107500000000000000e+02 1.044092969007640814e+00 2.355381020365835201e-02
5.110000000000000000e+02 1.011630200388629497e+00 1.840907399675103043e-02
5.112500000000000000e+02 9.884661200351723132e-01 1.499590658141577125e-02
5.125000000000000000e+02 9.097847180191159788e-01 2.248882011066627093e-02
5.135000000000000000e+02 1.066919049713307865e+00 1.076332025011934000e-02
5.142500000000000000e+02 1.068062301927383828e+00 2.821422820337878348e-02
5.160000000000000000e+02 1.206533805325600284e+00 3.212819780265168540e-02
5.162500000000000000e+02 1.335920961227973436e+00 2.146632903187336780e-02
5.200000000000000000e+02 8.913903131368393629e-01 3.171745900031273241e-02
5.205000000000000000e+02 8.608590668777669208e-01 2.751995400510390266e-02
5.222500000000000000e+02 8.584437896102002918e-01 1.535339793989723249e-02
5.247500000000000000e+02 9.937655242869244399e-01 1.775276563940616018e-02
5.257500000000000000e+02 1.053604044315899824e+00 1.340301330940710765e-02
5.275000000000000000e+02 1.050634602880152757e+00 2.068935626850662915e-02
5.277500000000000000e+02 1.116926019179121043e+00 1.057181838967876514e-02
5.282500000000000000e+02 1.103980332914459295e+00 3.332495702141435173e-02
5.287500000000000000e+02 1.160986319507129494e+00 1.242279034418431773e-02
5.290000000000000000e+02 1.096834422860989200e+00 2.447386166651153994e-02
5.302500000000000000e+02 1.106615123644800969e+00 1.492359291696102909e-02
5.307500000000000000e+02 1.180066764770742793e+00 1.604175946502742547e-02
5.310000000000000000e+02 1.178120115085708797e+00 1.599444114388659174e-02
5.315000000000000000e+02 1.276696648805175416e+00 4.315469210491230251e-02
5.320000000000000000e+02 1.301568071560816442e+00 2.017449204782058650e-02
5.330000000000000000e+02 1.349080248615735611e+00 1.437519468858380021e-02
5.340000000000000000e+02 1.129940059268599306e+00 2.334441034549378235e-02
5.360000000000000000e+02 1.411782486543209592e+00 2.941264117644136478e-02
5.372500000000000000e+02 1.212765350782965657e+00 1.813824822069336554e-02
5.375000000000000000e+02 1.149494309923665414e+00 1.530779139483275965e-02
5.377500000000000000e+02 1.201815878411638838e+00 3.165850716226827066e-02
5.400000000000000000e+02 8.374419183457706417e-01 2.270302024518108461e-02
5.402500000000000000e+02 9.066109387494881711e-01 1.517142958918523028e-02
5.407500000000000000e+02 9.702161659636446833e-01 3.074336726439990536e-02
5.412500000000000000e+02 9.759809244321486776e-01 1.028725284730248705e-02
5.417500000000000000e+02 1.010001076603444625e+00 1.361406627871416218e-02
5.422500000000000000e+02 1.041345251554458562e+00 3.142625870301040542e-02
5.430000000000000000e+02 1.114158624102733919e+00 1.260451581070539881e-02
5.437500000000000000e+02 1.245042542881145353e+00 1.424914519710162447e-02
5.440000000000000000e+02 1.266683742295235282e+00 1.296538429273706022e-02
5.442500000000000000e+02 1.253829307531962423e+00 1.584015375525145430e-02
5.477500000000000000e+02 1.335263569825346330e+00 2.026425123958701738e-02
5.490000000000000000e+02 1.259337936524184576e+00 2.714176237417237694e-02
5.492500000000000000e+02 1.269906907682815111e+00 1.218296364367005280e-02
5.512500000000000000e+02 1.281314838357468844e+00 3.517640898086074608e-02
5.532500000000000000e+02 1.115471922245148573e+00 1.367804099513567767e-02
5.537500000000000000e+02 1.004646939603820011e+00 2.327126558694404476e-02
5.540000000000000000e+02 9.972830729361921165e-01 2.156581869215036876e-02
5.550000000000000000e+02 8.705046813837895581e-01 2.288870929072382363e-02
5.555000000000000000e+02 8.994935147661640151e-01 1.209931625907033868e-02
5.557500000000000000e+02 9.257310153663473873e-01 1.133692964785248079e-02
5.562500000000000000e+02 9.520390726158767247e-01 2.845638819575173686e-02
5.565000000000000000e+02 9.839133075399760786e-01 3.679154764058257393e-02
5.567500000000000000e+02 1.040769804322282832e+00 2.406190584380510367e-02
5.570000000000000000e+02 1.092152213242874703e+00 3.845276328151923939e-02
5.572500000000000000e+02 1.091190503221304064e+00 2.226659940909174115e-02
5.577500000000000000e+02 1.073363252609416785e+00 3.170471417993813573e-02
5.585000000000000000e+02 1.054136362786037617e+00 1.720187708954591319e-02
5.597500000000000000e+02 1.059259489429442258e+00 1.767835789952215339e-02
5.635000000000000000e+02 9.186594242883373562e-01 2.402839115085660462e-02
5.637500000000000000e+02 9.702228356547728527e-01 2.056073808900117650e-02
5.642500000000000000e+02 1.080723700536924348e+00 1.432346432654383640e-02
5.657500000000000000e+02 1.370408542108448646e+00 2.358796241334129226e-02
5.667500000000000000e+02 1.575369709871888846e+00 2.358152235697101584e-02
5.672500000000000000e+02 1.458161962693198754e+00 2.340191632735953708e-02
5.682500000000000000e+02 1.432766818777678752e+00 2.918407691434535614e-02
5.695000000000000000e+02 1.347003475598033795e+00 2.365879018379229634e-02
5.705000000000000000e+02 1.361424670922448232e+00 1.455582298482003753e-02
5.715000000000000000e+02 1.331338404119012386e+00 1.293408044908412984e-02
5.717500000000000000e+02 1.298785002973525060e+00 3.653163503502843135e-02
5.725000000000000000e+02 1.194116797504874095e+00 2.637506091926360499e-02
5.740000000000000000e+02 9.292856980817789658e-01 1.926117506480377536e-02
5.755000000000000000e+02 8.525981741981104589e-01 1.865845696296209583e-02
5.770000000000000000e+02 9.608027662481773978e-01 1.326816058332368382e-02
5.777500000000000000e+02 9.732362072527054320e-01 1.375156080052015138e-02
5.785000000000000000e+02 1.043103147092977245e+00 2.664792698701398677e-02
5.787500000000000000e+02 9.729415308849550525e-01 3.029582989028294093e-02
5.797500000000000000e+02 1.061513049045029966e+00 1.851800711630871912e-02
5.807500000000000000e+02 1.237300925062548407e+00 2.242874961110742638e-02
5.815000000000000000e+02 1.243911195902065447e+00 2.105519735834399109e-02
5.817500000000000000e+02 1.249441150813771939e+00 2.495088810974921759e-02
5.830000000000000000e+02 1.319497787369672270e+00 1.745243415317573876e-02
5.832500000000000000e+02 1.369352416644908033e+00 2.846535621989778470e-02
5.835000000000000000e+02 1.358862389103559165e+00 2.882494347935292064e-02
5.845000000000000000e+02 1.283005847436362590e+00 1.527155360318800843e-02
5.867500000000000000e+02 1.239752199988350290e+00 2.374909261309393615e-02
5.870000000000000000e+02 1.242934083802938794e+00 3.868489099036620527e-02
5.872500000000000000e+02 1.286164662733309205e+00 1.782295288541294390e-02
5.877500000000000000e+02 1.320918462481318389e+00 1.618130189494841262e-02
5.892500000000000000e+02 1.350651910047031112e+00 3.084181392646625011e-02
5.897500000000000000e+02 1.342961534526522449e+00 2.406261531238076262e-02
5.902500000000000000e+02 1.359076146927110651e+00 1.321847534096255716e-02
5.905000000000000000e+02 1.391813081155679033e+00 1.522624939082398848e-02
5.907500000000000000e+02 1.327364673219807445e+00 2.036745087748914260e-02
5.912500000000000000e+02 1.165251506741666221e+00 1.794282447942154371e-02
5.930000000000000000e+02 9.968600763144955801e-01 1.395775146027409923e-02
5.940000000000000000e+02 8.850829295348245918e-01 1.000018970070586447e-02
5.955000000000000000e+02 7.862269025526530397e-01 1.700414640792707183e-02
5.957500000000000000e+02 7.373519565973134515e-01 9.853885747157800634e-03
5.967500000000000000e+02 7.641018860863900697e-01 3.114102212414085469e-02
5.977500000000000000e+02 7.959887756320206398e-01 3.232415130021554922e-02
5.982500000000000000e+02 8.212896518674265289e-01 2.234452337997654484e-02
5.992500000000000000e+02 8.182028900218126788e-01 2.704268434391208370e-02
6.037500000000000000e+02 1.478588810128661057e+00 1.993237245557647960e-02
6.052500000000000000e+02 1.565618275372231194e+00 1.428344599278465708e-02
6.055000000000000000e+02 1.727267866845051847e+00 3.507794833980763111e-02
6.070000000000000000e+02 1.560894477356624677e+00 2.068912470766333736e-02
6.072500000000000000e+02 1.630477180637319279e+00 1.533094940090706272e-02
6.085000000000000000e+02 1.414342554484861569e+00 3.616356222853212704e-02
6.087500000000000000e+02 1.478217349609434184e+00 3.801898874379984472e-02
6.092500000000000000e+02 1.474534764629879202e+00 1.628054971584046856e-02
6.095000000000000000e+02 1.447278116526481639e+00 1.502072949810698450e-02
6.097500000000000000e+02 1.375872028933136537e+00 1.372851106066088657e-02
6.107500000000000000e+02 1.227817212708856687e+00 2.385988115684671562e-02
6.112500000000000000e+02 1.036585950100488596e+00 2.527337500912317514e-02
6.125000000000000000e+02 7.833965084871381546e-01 1.694910423354643522e-02
6.127500000000000000e+02 7.886014131028251661e-01 2.564729114859241182e-02
6.130000000000000000e+02 7.457913621944323168e-01 1.063661929008361678e-02
6.135000000000000000e+02 6.574805188236172437e-01 1.126605014193282281e-02
6.182500000000000000e+02 7.592770991335321407e-01 1.187212304756098472e-02
6.187500000000000000e+02 7.936898922481264718e-01 9.684835115775376410e-03
6.192500000000000000e+02 8.217413825950476980e-01 1.501235598921892012e-02
6.202500000000000000e+02 8.940479079243578431e-01 1.544419348554771677e-02
6.222500000000000000e+02 1.036986011444487987e+00 1.870604208783444716e-02
6.242500000000000000e+02 9.678249592251919609e-01 3.585904188208176302e-02
6.245000000000000000e+02 1.050762829161813849e+00 1.378767207850038409e-02
6.260000000000000000e+02 1.264290836310297594e+00 1.205445816610978271e-02
6.270000000000000000e+02 1.283862416356852387e+00 3.754326710172915804e-02
6.272500000000000000e+02 1.259229618804501127e+00 2.965244013275032675e-02
6.292500000000000000e+02 9.955203480130165872e-01 2.389255942958849396e-02
6.295000000000000000e+02 1.012013330986877513e+00 1.176057114710341543e-02
6.297500000000000000e+02 9.398292539663147815e-01 1.426143133859518984e-02
6.317500000000000000e+02 9.154610727241420109e-01 9.663840856349298694e-03
6.327500000000000000e+02 9.863655546131456786e-01 1.202004307347932267e-02
6.332500000000000000e+02 9.402757205334425494e-01 9.787114318279431860e-03
6.350000000000000000e+02 9.062976727599937332e-01 2.792736986026951237e-02
6.352500000000000000e+02 9.411071432764043232e-01 3.107834599235616627e-02
6.357500000000000000e+02 9.656935387157116191e-01 2.551797645227305705e-02
6.360000000000000000e+02 1.147608001631825081e+00 3.391119989028106019e-02
6.362500000000000000e+02 1.113285701377771053e+00 2.131562610848221004e-02
6.365000000000000000e+02 1.188472434469355354e+00 2.574601371198923655e-02
6.370000000000000000e+02 1.218828272959762593e+00 2.261265819567948379e-02
6.390000000000000000e+02 1.171892371189789506e+00 1.791079947500849590e-02
6.395000000000000000e+02 1.131773875797804196e+00 2.839653457588506985e-02
6.420000000000000000e+02 1.761566913946209345e+00 2.300856643764194812e-02
6.427500000000000000e+02 1.899443257748961944e+00 2.528740247564605775e-02
6.437500000000000000e+02 1.616506645930557262e+00 2.989168229578609282e-02
6.442500000000000000e+02 1.595235909159354204e+00 2.688720949406611660e-02
6.447500000000000000e+02 1.634674591969017765e+00 2.288633924845233716e-02
6.455000000000000000e+02 1.666516183528211403e+00 2.164249953996396844e-02
6.465000000000000000e+02 1.695533058810810401e+00 1.752728137807718634e-02
6.472500000000000000e+02 1.511303619421832556e+00 1.989146124309953967e-02
6.477500000000000000e+02 1.447354809417778387e+00 1.590870787400536918e-02
6.490000000000000000e+02 1.403309694873107638e+00 1.368191579525131901e-02
6.497500000000000000e+02 1.308603199270266693e+00 1.242399921757025329e-02
6.507500000000000000e+02 1.374917450279084408e+00 3.855991627104084218e-02
6.515000000000000000e+02 1.463505957135137869e+00 3.433903285657390753e-02
6.517500000000000000e+02 1.369039936844774985e+00 3.530016004165508620e-02
6.520000000000000000e+02 1.385641916919944538e+00 2.755419112891420094e-02
6.532500000000000000e+02 1.498888218791968097e+00 1.840944494525613775e-02
6.545000000000000000e+02 1.438422768595818413e+00 2.543619715970616563e-02
6.570000000000000000e+02 1.447481192550247986e+00 1.472164536127620361e-02
6.572500000000000000e+02 1.378459811860756501e+00 1.461453262284206737e-02
6.577500000000000000e+02 1.203519917458581112e+00 2.154180541318363382e-02
6.592500000000000000e+02 1.205638031659645559e+00 2.789215270322440918e-02
6.597500000000000000e+02 1.237358496973790301e+00 1.906642595321397446e-02
6.600000000000000000e+02 1.147246939401611598e+00 1.489675407048326669e-02
6.627500000000000000e+02 1.277530157080881912e+00 1.547322194543567821e-02
6.630000000000000000e+02 1.266866717264228726e+00 2.180294239916195920e-02
6.635000000000000000e+02 1.365545718484194815e+00 2.312680045898039827e-02
6.640000000000000000e+02 1.236416055535895397e+00 2.179180927845754054e-02
6.650000000000000000e+02 1.234621360898717546e+00 3.055608421732630003e-02
6.652500000000000000e+02 1.286393107198139152e+00 1.313206970085126733e-02
6.677500000000000000e+02 1.048893313984418318e+00 1.062440788807018748e-02
6.685000000000000000e+02 1.017794228188052763e+00 1.043107024391548739e-02
6.695000000000000000e+02 1.134015922820702515e+00 1.237408799061412434e-02
6.702500000000000000e+02 1.148262042719970122e+00 2.185288523219358278e-02
6.712500000000000000e+02 1.171033350029381248e+00 2.816641043506648567e-02
6.715000000000000000e+02 1.132568467888748653e+00 1.160824914337615747e-02
6.730000000000000000e+02 1.102548714733126323e+00 1.101479837068151425e-02
6.742500000000000000e+02 1.123216549030839673e+00 1.281885406671665409e-02
6.745000000000000000e+02 1.147822433453420166e+00 1.975746854346346545e-02
6.750000000000000000e+02 1.128114374937627007e+00 1.844928208764423996e-02
6.755000000000000000e+02 1.108186765353524450e+00 1.198930463916617062e-02
6.757500000000000000e+02 1.078240071248887322e+00 2.423232311629178529e-02
6.785000000000000000e+02 1.213586437994991885e+00 2.838299523443209640e-02
6.797500000000000000e+02 1.227303102843475768e+00 3.416257894330190781e-02
6.805000000000000000e+02 9.870305841624401610e-01 2.806666233172809555e-02
6.825000000000000000e+02 1.114744830596211989e+00 3.226965340416187988e-02
6.830000000000000000e+02 9.887601082233543615e-01 3.694421007772279858e-02
6.837500000000000000e+02 8.962799420413470886e-01 3.501644967385486584e-02
6.842500000000000000e+02 8.723643117382477996e-01 1.440902778584853862e-02
6.852500000000000000e+02 8.181953122709578752e-01 1.620401833345996856e-02
6.865000000000000000e+02 9.092476078836120301e-01 1.028032944924847474e-02
6.870000000000000000e+02 9.402413384852384981e-01 2.548137822227723726e-02
6.872500000000000000e+02 9.744536854738702347e-01 2.731074877573514553e-02
6.877500000000000000e+02 9.197299839353542117e-01 3.165164110602621678e-02
6.887500000000000000e+02 9.931637019409796929e-01 1.340372602300886687e-02
6.895000000000000000e+02 9.454394560809155079e-01 1.713949407044867979e-02
6.902500000000000000e+02 8.917200675432738199e-01 2.266190035965286176e-02
6.905000000000000000e+02 9.051579228401026578e-01 1.702417838740192049e-02
6.907500000000000000e+02 9.754334868377180223e-01 2.008965101545808971e-02
6.935000000000000000e+02 1.114851788758744577e+00 2.002581186536478430e-02
6.955000000000000000e+02 1.323027328999805574e+00 1.559665321024624775e-02
6.965000000000000000e+02 1.269757407264553439e+00 3.426264105574557822e-02
6.982500000000000000e+02 1.536510891596167605e+00 1.629403480850850211e-02
6.985000000000000000e+02 1.499631209552024558e+00 2.118353242650542617e-02
6.995000000000000000e+02 1.770830692910480231e+00 2.809975931510052052e-02
6.997500000000000000e+02 1.805149390592440062e+00 1.399184239199073587e-02
7.000000000000000000e+02 1.827109871964115229e+00 2.102140064109007250e-02
7.005000000000000000e+02 1.779978675967432755e+00 4.007447733503190224e-02
7.007500000000000000e+02 1.780679112698906774e+00 1.507907978585725645e-02
7.010000000000000000e+02 1.856518411665555091e+00 3.713243042987154213e-02
7.030000000000000000e+02 2.069446411816300291e+00 1.762084906020261119e-02
7.057500000000000000e+02 1.463645733111866853e+00 2.740168631736443483e-02
7.070000000000000000e+02 1.132600597213529792e+00 1.087608218925635237e-02
7.072500000000000000e+02 1.050365083494205987e+00 2.559583357861569541e-02
7.075000000000000000e+02 9.997752302844303829e-01 1.648054182002220078e-02
7.087500000000000000e+02 1.037013581956702124e+00 1.354428030916090056e-02
7.120000000000000000e+02 1.012710392363507683e+00 1.997446697487773037e-02
7.132500000000000000e+02 1.146185125976008079e+00 1.452627955694117332e-02
7.135000000000000000e+02 1.124015365863092031e+00 2.295109362908240649e-02
7.140000000000000000e+02 1.189235594901890458e+00 1.285044399846252058e-02
7.152500000000000000e+02 1.492698610124731040e+00 1.265211294498013068e-02
7.160000000000000000e+02 1.617142178318852208e+00 1.346233631908936093e-02
7.192500000000000000e+02 1.653563450088569642e+00 1.493498108692731599e-02
7.195000000000000000e+02 1.658916277972248610e+00 3.917005428825898194e-02
7.207500000000000000e+02 1.647305338441157785e+00 1.750817286251496810e-02
7.212500000000000000e+02 1.704714038222621797e+00 3.010338951346509806e-02
7.215000000000000000e+02 1.740023053136970699e+00 1.468031019510670533e-02
7.245000000000000000e+02 1.722767653218714168e+00 1.711993941561423815e-02
7.257500000000000000e+02 1.964203241781970588e+00 2.811975936639431184e-02
7.285000000000000000e+02 1.558472847537675676e+00 1.939354864662001104e-02
7.292500000000000000e+02 1.490287496572708204e+00 2.560765314376668364e-02
7.295000000000000000e+02 1.651639797235975315e+00 2.458859196009710937e-02
