# Simulated light curve
# model: OneBendPowerLaw
# input parameters: A,alpha_1,f_1,alpha_2
# [ 1.         -0.84847362  0.00781279 -2.90165767]
# Fvar:0.24307141835145396
# FoM:12.941366737092816
# seed: 12012
# seed_gaps: 17823
# Time	Value	Error
0.000000000000000000e+00 1.223383031146824118e+00 2.787369226096100480e-02
5.500000000000000000e+00 1.212764874874762588e+00 2.845509262260847647e-02
7.250000000000000000e+00 1.077767294593629854e+00 3.440486012199545779e-02
7.500000000000000000e+00 1.103139674174687723e+00 2.168174547825309564e-02
7.750000000000000000e+00 1.076480611252078612e+00 3.003370264288142757e-02
1.025000000000000000e+01 1.009830189979449067e+00 1.053252013360318068e-02
1.050000000000000000e+01 1.023500530180194490e+00 2.531763216797967148e-02
1.350000000000000000e+01 9.533709469868465458e-01 2.297801464234347155e-02
1.650000000000000000e+01 9.732452740282584447e-01 1.120776108135432096e-02
2.000000000000000000e+01 9.086753354578308572e-01 2.050707205187194196e-02
2.050000000000000000e+01 9.334291510856166374e-01 1.758997979820519850e-02
2.125000000000000000e+01 9.010156216625925252e-01 2.436648884911380222e-02
2.200000000000000000e+01 9.212987889078784187e-01 1.774363412909523569e-02
2.300000000000000000e+01 9.654969637838116681e-01 2.180624423532203510e-02
2.475000000000000000e+01 9.319499572446002800e-01 1.913538730394947346e-02
2.575000000000000000e+01 9.324769696324917145e-01 1.434484388070880224e-02
2.600000000000000000e+01 9.545490775607688994e-01 1.478010592967756408e-02
2.625000000000000000e+01 9.525536238249230347e-01 1.122817313618890318e-02
2.700000000000000000e+01 9.343955177542019319e-01 9.880411746195260497e-03
2.725000000000000000e+01 1.005030723299450424e+00 1.825282935817643462e-02
2.800000000000000000e+01 9.377926862445732370e-01 1.464371146362507432e-02
2.900000000000000000e+01 9.139754216088478156e-01 2.514845411879387815e-02
2.925000000000000000e+01 9.157640272893233790e-01 1.670039779097514526e-02
3.200000000000000000e+01 8.955845951494577628e-01 1.771516463463462462e-02
3.225000000000000000e+01 8.984644334897009532e-01 1.996235871391273745e-02
3.400000000000000000e+01 8.687571455619316207e-01 1.657870209113852800e-02
3.575000000000000000e+01 8.714042723170600802e-01 1.466204670773308197e-02
3.975000000000000000e+01 9.190689351554179876e-01 2.648322039760956162e-02
4.125000000000000000e+01 9.494160884335228756e-01 3.659454740282853252e-02
4.375000000000000000e+01 9.391390626687375898e-01 1.084764676747436429e-02
4.425000000000000000e+01 9.272022312494242469e-01 1.949205576485827859e-02
4.550000000000000000e+01 9.314080383558016596e-01 1.242476137985462983e-02
4.750000000000000000e+01 8.999156594174974044e-01 3.274962422415757940e-02
4.775000000000000000e+01 8.882224685425912369e-01 1.677029121605392095e-02
4.825000000000000000e+01 8.951310454434718844e-01 1.572089700601651471e-02
5.200000000000000000e+01 9.483558804916559781e-01 2.204848122830428692e-02
5.250000000000000000e+01 8.767859235565023113e-01 2.148739897428825554e-02
5.375000000000000000e+01 8.742058330714493897e-01 2.531252779519678475e-02
5.475000000000000000e+01 8.813725635497277056e-01 1.215016305703069642e-02
5.500000000000000000e+01 8.859315835805492423e-01 1.372443370612292171e-02
5.525000000000000000e+01 8.737532278811572795e-01 1.000598499314590134e-02
5.550000000000000000e+01 8.607269822132974646e-01 1.845177365636441538e-02
5.600000000000000000e+01 8.279839439446143867e-01 1.697103986101657427e-02
5.625000000000000000e+01 8.392891734559569938e-01 2.300626377646964107e-02
5.775000000000000000e+01 8.282683583808040373e-01 3.020238879253289363e-02
5.950000000000000000e+01 8.320883551354657515e-01 3.034492360962112029e-02
6.250000000000000000e+01 7.940911840809564692e-01 2.096739074905659694e-02
6.375000000000000000e+01 8.309449438599170179e-01 1.105240089499304537e-02
6.475000000000000000e+01 7.804273384562698812e-01 1.621126621387375399e-02
6.600000000000000000e+01 7.806195526156625153e-01 1.217740610711357668e-02
6.675000000000000000e+01 7.787259153726134864e-01 1.373906002518008283e-02
6.800000000000000000e+01 7.279312253409871980e-01 1.547343137779273216e-02
6.925000000000000000e+01 7.254105073580920937e-01 1.789475800394579180e-02
7.125000000000000000e+01 7.412201889844638458e-01 1.542186271765634727e-02
7.200000000000000000e+01 7.451705576896333616e-01 1.778855910078240218e-02
7.300000000000000000e+01 7.408218103150979728e-01 3.171018107156806792e-02
7.525000000000000000e+01 7.539066435845415137e-01 9.616452838693438643e-03
7.575000000000000000e+01 7.607433553448202934e-01 1.998092950731964954e-02
7.600000000000000000e+01 7.378691014274695315e-01 1.384711413368271485e-02
7.625000000000000000e+01 7.841291374203246400e-01 2.165118408565506677e-02
8.025000000000000000e+01 7.501566624703501773e-01 1.814029851050006151e-02
8.150000000000000000e+01 7.354622484044778252e-01 9.071709445061970634e-03
8.200000000000000000e+01 7.383884129849739297e-01 1.908489723410667846e-02
8.275000000000000000e+01 7.197293344465985898e-01 1.048544811662171714e-02
8.475000000000000000e+01 6.856602894333233555e-01 2.263716996531407732e-02
8.525000000000000000e+01 6.739179010936491299e-01 2.328393196107833921e-02
8.575000000000000000e+01 6.881870902272864132e-01 2.494540974252355825e-02
8.600000000000000000e+01 7.095644888477997680e-01 1.542206401838798133e-02
8.675000000000000000e+01 6.778201702161282816e-01 2.168625411845578194e-02
8.725000000000000000e+01 6.853010337430103238e-01 2.176430766586694501e-02
8.800000000000000000e+01 6.910591530021661377e-01 1.218652364133740278e-02
8.825000000000000000e+01 6.829434822327853372e-01 1.451792233449355519e-02
8.900000000000000000e+01 6.553551741866210367e-01 1.512844787769098039e-02
9.075000000000000000e+01 7.057986924030247300e-01 1.270907703381603943e-02
9.100000000000000000e+01 6.709833553308061083e-01 1.207787234295641145e-02
9.200000000000000000e+01 6.792589116217374601e-01 2.535228449884287250e-02
9.250000000000000000e+01 7.759091404316715845e-01 3.116979484671229816e-02
9.475000000000000000e+01 6.781945864155460857e-01 8.987744446262256950e-03
9.775000000000000000e+01 6.902692957367777549e-01 1.193603180460342354e-02
9.975000000000000000e+01 6.932752134548857414e-01 2.659720066642661668e-02
1.000000000000000000e+02 7.285588971436136596e-01 1.504063571684851643e-02
1.035000000000000000e+02 7.352953486480792167e-01 1.014955165894241076e-02
1.037500000000000000e+02 7.578736715011595848e-01 2.418582237413479524e-02
1.060000000000000000e+02 7.540652933322339324e-01 1.687816705073190079e-02
1.062500000000000000e+02 7.246541664743759714e-01 2.991655294920666716e-02
1.082500000000000000e+02 7.537580845334912460e-01 1.313472966436103791e-02
1.090000000000000000e+02 7.158724663885429607e-01 1.680021119846129840e-02
1.120000000000000000e+02 7.760983656156301702e-01 1.158046401523604371e-02
1.142500000000000000e+02 8.267498494219863714e-01 1.292517673958910353e-02
1.145000000000000000e+02 7.987450462769490889e-01 3.243219026198639054e-02
1.162500000000000000e+02 8.055648275385061119e-01 1.331328535996411863e-02
1.170000000000000000e+02 8.021225615137584919e-01 9.671798194117715505e-03
1.172500000000000000e+02 8.039327381931350436e-01 1.308982933620667956e-02
1.177500000000000000e+02 8.224601088653132885e-01 1.481425892698057419e-02
1.182500000000000000e+02 8.214442772165209128e-01 1.874592702807090228e-02
1.252500000000000000e+02 9.287810921831016753e-01 1.398796245214040460e-02
1.267500000000000000e+02 9.252679716547143052e-01 1.376052740330034087e-02
1.272500000000000000e+02 9.208065099230181572e-01 1.154296642293604382e-02
1.300000000000000000e+02 9.712610450554379771e-01 3.399608838148386603e-02
1.312500000000000000e+02 9.523417476604232323e-01 2.755932692940530129e-02
1.327500000000000000e+02 8.959858834699693242e-01 1.345653629329328360e-02
1.330000000000000000e+02 9.035589211779826435e-01 1.016945628729309763e-02
1.335000000000000000e+02 8.767671005828605590e-01 1.198312035109582591e-02
1.337500000000000000e+02 8.816373995072013248e-01 1.213624251361457990e-02
1.350000000000000000e+02 8.899057189577388449e-01 1.579766924511192411e-02
1.385000000000000000e+02 8.825285373350779672e-01 2.073501386769499577e-02
1.392500000000000000e+02 8.411064816561103497e-01 2.170096714142269456e-02
1.397500000000000000e+02 8.516911026126509077e-01 1.114759746336440108e-02
1.425000000000000000e+02 8.711924289003132316e-01 2.271163538071218832e-02
1.430000000000000000e+02 8.199974244893982744e-01 1.297739817485393451e-02
1.437500000000000000e+02 8.059146729090793659e-01 1.834719446145264415e-02
1.440000000000000000e+02 8.166041782049329179e-01 1.102573218511597626e-02
1.442500000000000000e+02 7.996919078500889233e-01 2.824361643061807856e-02
1.452500000000000000e+02 8.126426924622768277e-01 1.012644019445880714e-02
1.877500000000000000e+02 9.959015378076349068e-01 1.359742033957700089e-02
1.892500000000000000e+02 1.072238106934557900e+00 2.971466477323335409e-02
1.897500000000000000e+02 1.029890702815515757e+00 2.730100658564910132e-02
1.907500000000000000e+02 1.060515197815862898e+00 1.962813545841584836e-02
1.910000000000000000e+02 1.044577616237700513e+00 2.118804718482207583e-02
2.590000000000000000e+02 1.159824626079714260e+00 1.966258340499267218e-02
2.602500000000000000e+02 1.153439152968957604e+00 1.491495109334296104e-02
2.605000000000000000e+02 1.102349488043124159e+00 3.003528407236291317e-02
2.620000000000000000e+02 1.163103169993380259e+00 1.656554039238587045e-02
2.622500000000000000e+02 1.121688950634126547e+00 3.544828193822637669e-02
2.642500000000000000e+02 1.123721935016456897e+00 2.059116349271502416e-02
2.655000000000000000e+02 1.173835649181873775e+00 1.454411541425152006e-02
2.657500000000000000e+02 1.193810859599078622e+00 3.003397584048123070e-02
2.660000000000000000e+02 1.175727877935823784e+00 2.282331997039336105e-02
2.677500000000000000e+02 1.177762952231419913e+00 3.384948471010840870e-02
2.695000000000000000e+02 1.231912903174615881e+00 2.408728666994635129e-02
2.710000000000000000e+02 1.218903242023934963e+00 1.256749100722351874e-02
2.712500000000000000e+02 1.216547768836508503e+00 3.177054238247410678e-02
2.720000000000000000e+02 1.249712169031898856e+00 1.360934361913615324e-02
2.725000000000000000e+02 1.220303639175187804e+00 3.882230887431937366e-02
2.727500000000000000e+02 1.237600647501567508e+00 2.652058581854979322e-02
2.742500000000000000e+02 1.224495308204583743e+00 3.902927662573703327e-02
2.765000000000000000e+02 1.191023670060339823e+00 1.696796763627671581e-02
2.805000000000000000e+02 1.255725969664619912e+00 1.860452700973427853e-02
2.810000000000000000e+02 1.291377304459858655e+00 2.666163217257304027e-02
2.812500000000000000e+02 1.224785118435059772e+00 4.141391121916719598e-02
2.815000000000000000e+02 1.265873926196072308e+00 1.190536379848985797e-02
2.817500000000000000e+02 1.249710418724877314e+00 1.919326667893277855e-02
2.855000000000000000e+02 1.200965848982662676e+00 1.978014751323375897e-02
2.882500000000000000e+02 1.180472170482707028e+00 3.153861556196806831e-02
2.902500000000000000e+02 1.238040185362375700e+00 3.568976341824744297e-02
2.915000000000000000e+02 1.215416207768145407e+00 1.894859959947899422e-02
2.930000000000000000e+02 1.250233980113870880e+00 1.592611531664466645e-02
2.935000000000000000e+02 1.202440624989366880e+00 2.037513697386962933e-02
2.942500000000000000e+02 1.221059011723540033e+00 1.398115490334825295e-02
2.952500000000000000e+02 1.213154828081281389e+00 1.473297585167032686e-02
2.955000000000000000e+02 1.179517553441663535e+00 2.544296849264062257e-02
2.992500000000000000e+02 1.233359870229432387e+00 1.804577362524626902e-02
3.015000000000000000e+02 1.223232428711871433e+00 2.728205743561034832e-02
3.020000000000000000e+02 1.257150566396836755e+00 1.249948273337786811e-02
3.030000000000000000e+02 1.241050588432809354e+00 1.219749346929900093e-02
3.037500000000000000e+02 1.231572008254957495e+00 2.607340457093665353e-02
3.040000000000000000e+02 1.210797189040592414e+00 3.379174761219268242e-02
3.087500000000000000e+02 1.191062297521633839e+00 1.969915000855797585e-02
3.100000000000000000e+02 1.169231520989186146e+00 2.019651212161215070e-02
3.107500000000000000e+02 1.196907890015363352e+00 1.701877101304961198e-02
3.132500000000000000e+02 1.181497244157319049e+00 2.175186841432035292e-02
3.162500000000000000e+02 1.160719698228295016e+00 2.582567648494538820e-02
3.165000000000000000e+02 1.130840397529298214e+00 3.556148636295471122e-02
3.167500000000000000e+02 1.144874225312512150e+00 1.974028605744692147e-02
3.170000000000000000e+02 1.120462910471264006e+00 2.001426924615307482e-02
3.180000000000000000e+02 1.133278421658394874e+00 1.778251819006589074e-02
3.187500000000000000e+02 1.130547357137426712e+00 2.705573622234358488e-02
3.197500000000000000e+02 1.111539967115992678e+00 2.673298418901191506e-02
3.202500000000000000e+02 1.121808369286733109e+00 1.182428339439061706e-02
3.217500000000000000e+02 1.118461868140120385e+00 2.822259871959014593e-02
3.222500000000000000e+02 1.117600228798373285e+00 1.107788729580214127e-02
3.230000000000000000e+02 1.098553197993582531e+00 1.677359646319788455e-02
3.275000000000000000e+02 1.093969440366024282e+00 2.268126439947536904e-02
3.280000000000000000e+02 1.121924223568033563e+00 2.670961693921063487e-02
3.300000000000000000e+02 1.119193868851427132e+00 2.069363363023665400e-02
3.310000000000000000e+02 1.095316544462054953e+00 3.653873649135005314e-02
3.327500000000000000e+02 1.115377920663570999e+00 1.974159878564843429e-02
3.335000000000000000e+02 1.100453062120506420e+00 2.147880122477780276e-02
3.340000000000000000e+02 1.063957636954020014e+00 2.684087692947574252e-02
3.345000000000000000e+02 9.680968373689690099e-01 3.871642905833300868e-02
3.365000000000000000e+02 1.056655829584774553e+00 2.043131302511903835e-02
3.375000000000000000e+02 1.033762648735902845e+00 2.248360845640100247e-02
3.400000000000000000e+02 1.015711355189110821e+00 1.448884133548079302e-02
3.405000000000000000e+02 1.002026054662680021e+00 1.344412923606091298e-02
3.430000000000000000e+02 1.025623409840563882e+00 2.151986815022254029e-02
3.455000000000000000e+02 1.030572500225678034e+00 3.479643350141053276e-02
3.457500000000000000e+02 1.007863258504965831e+00 3.949987589195162740e-02
3.485000000000000000e+02 1.052755810143349402e+00 2.584860950763572668e-02
3.527500000000000000e+02 1.083611321448425091e+00 1.131838573144701085e-02
3.530000000000000000e+02 1.103153442913175519e+00 2.476003345009490306e-02
3.540000000000000000e+02 1.125893392334692322e+00 2.981970988215175422e-02
3.560000000000000000e+02 1.152074388954570372e+00 2.380184956764082316e-02
3.597500000000000000e+02 1.105174840881813392e+00 2.840670900061848664e-02
3.600000000000000000e+02 1.110874799739093310e+00 2.932216060006687802e-02
3.602500000000000000e+02 1.102752265058071002e+00 1.400423007831867392e-02
3.607500000000000000e+02 1.059781435739363342e+00 2.384770396915250265e-02
3.625000000000000000e+02 1.018938842467576711e+00 2.881783299732070328e-02
3.635000000000000000e+02 1.029182679118106236e+00 1.307158223636206186e-02
3.637500000000000000e+02 1.023891670570044932e+00 2.922079409912768655e-02
3.645000000000000000e+02 1.070039195564265855e+00 1.521897675867241347e-02
3.655000000000000000e+02 1.021556345644881514e+00 1.192305234083936884e-02
3.675000000000000000e+02 1.047891737406086543e+00 1.631703410670418478e-02
3.685000000000000000e+02 1.031964789018261941e+00 1.244707026378467918e-02
3.695000000000000000e+02 1.016773955807999563e+00 2.324834305821281422e-02
3.700000000000000000e+02 1.057206829049861962e+00 1.203665397857403910e-02
3.732500000000000000e+02 1.022387232954365510e+00 2.308922130232627518e-02
3.737500000000000000e+02 1.026167828521327818e+00 2.103390962077356791e-02
3.750000000000000000e+02 1.044184456315077947e+00 1.678765781258393514e-02
3.757500000000000000e+02 1.033838632947826408e+00 1.146399339123866865e-02
3.760000000000000000e+02 1.053960427801376110e+00 2.026486045874167571e-02
3.762500000000000000e+02 1.041164316034604909e+00 2.834662427181956768e-02
3.765000000000000000e+02 1.037116783148514632e+00 1.513841681351681123e-02
3.767500000000000000e+02 1.017519533646117358e+00 2.742979671840440128e-02
3.815000000000000000e+02 1.114571695889742253e+00 1.578398009718365996e-02
3.827500000000000000e+02 1.143464121911698106e+00 1.265978722784329505e-02
3.837500000000000000e+02 1.132377102247746459e+00 2.063520635741474332e-02
3.840000000000000000e+02 1.173608060063711100e+00 1.189986970606597867e-02
3.867500000000000000e+02 1.209876348290269688e+00 1.323127778893325515e-02
3.872500000000000000e+02 1.219830003835582266e+00 2.594950646286650620e-02
3.880000000000000000e+02 1.248110417302654485e+00 1.730020054905233653e-02
3.882500000000000000e+02 1.232700029014623277e+00 1.506258108642706192e-02
3.892500000000000000e+02 1.288498781718370179e+00 3.005068656067581140e-02
3.905000000000000000e+02 1.229980364068615328e+00 2.525799128099881150e-02
3.907500000000000000e+02 1.206933997790175850e+00 3.701167107204745427e-02
3.910000000000000000e+02 1.206435945499523710e+00 2.596513278478456560e-02
3.917500000000000000e+02 1.220764824815742777e+00 1.301279383725801458e-02
3.920000000000000000e+02 1.225071944979306826e+00 1.587574167888222698e-02
3.932500000000000000e+02 1.216490723076236735e+00 2.114888204966200447e-02
3.945000000000000000e+02 1.192013109087808997e+00 2.983676414166483090e-02
3.967500000000000000e+02 1.163681456326244978e+00 1.613768609070725252e-02
3.972500000000000000e+02 1.149697615360100178e+00 1.149293821398389599e-02
3.980000000000000000e+02 1.128863248970365385e+00 1.720157843499938929e-02
3.987500000000000000e+02 1.136889785595941449e+00 2.729507141830407949e-02
3.995000000000000000e+02 1.196460260593067648e+00 1.303114009096499604e-02
4.007500000000000000e+02 1.178137087325094035e+00 3.073620897770789132e-02
4.010000000000000000e+02 1.165115137755561747e+00 2.937863456376081303e-02
4.035000000000000000e+02 1.252734592578055528e+00 1.474629607068707500e-02
4.047500000000000000e+02 1.242024666800563226e+00 1.245639597852207098e-02
4.062500000000000000e+02 1.274554273014764316e+00 1.505563278014003525e-02
4.067500000000000000e+02 1.294599715969015019e+00 2.191475961900963415e-02
4.077500000000000000e+02 1.274517191009180817e+00 2.881338513285330860e-02
4.087500000000000000e+02 1.321635562018333099e+00 2.455008919164491585e-02
4.097500000000000000e+02 1.304105605673555601e+00 3.206672536098694598e-02
4.107500000000000000e+02 1.334298685725087363e+00 2.807411546581143127e-02
4.115000000000000000e+02 1.346452913612073976e+00 1.799360639592258171e-02
4.150000000000000000e+02 1.422874789405180751e+00 2.219700799983793243e-02
4.157500000000000000e+02 1.401009945640873555e+00 3.023848123359611922e-02
4.172500000000000000e+02 1.476478307152319536e+00 1.534660542013794975e-02
4.217500000000000000e+02 1.541393368124797991e+00 2.092101687886539080e-02
4.240000000000000000e+02 1.544883438926149877e+00 2.735170966945426468e-02
4.250000000000000000e+02 1.579707064902766023e+00 3.056188626190467147e-02
4.262500000000000000e+02 1.636750766084070996e+00 2.715774388304662001e-02
4.265000000000000000e+02 1.635712606004451120e+00 1.759419404594307970e-02
4.295000000000000000e+02 1.743855699305000284e+00 2.814279098203243540e-02
4.302500000000000000e+02 1.730051062558058739e+00 2.538837470805605304e-02
4.305000000000000000e+02 1.768147581144024816e+00 1.375756016379449040e-02
4.307500000000000000e+02 1.763211537852336752e+00 2.140136203574411616e-02
4.315000000000000000e+02 1.768833280909118955e+00 2.405992938951529922e-02
4.327500000000000000e+02 1.780972072030903908e+00 1.958786634026501647e-02
4.345000000000000000e+02 1.784942701532627352e+00 3.769216811335542039e-02
4.350000000000000000e+02 1.840072643351857717e+00 1.570946151425278020e-02
4.352500000000000000e+02 1.786948373800933076e+00 2.578352987288362597e-02
4.367500000000000000e+02 1.807217016656402331e+00 2.227621142320142592e-02
4.387500000000000000e+02 1.800059731026446563e+00 2.942939473584260668e-02
4.390000000000000000e+02 1.789937333835216915e+00 3.722534557104883318e-02
4.392500000000000000e+02 1.852209702575660311e+00 2.690149157620470161e-02
4.397500000000000000e+02 1.846518575839965592e+00 1.885436076605637168e-02
4.407500000000000000e+02 1.843724018161017497e+00 1.938548033763744585e-02
4.410000000000000000e+02 1.846794842241747725e+00 1.459719190909034361e-02
4.415000000000000000e+02 1.849407745001402370e+00 1.375222566733527718e-02
4.445000000000000000e+02 1.793337377764503859e+00 1.653630513443939826e-02
4.462500000000000000e+02 1.813263645492419140e+00 1.814503792701318077e-02
4.472500000000000000e+02 1.821120171215164563e+00 2.530994966852196520e-02
4.475000000000000000e+02 1.835539028391729666e+00 3.154437057140943579e-02
4.485000000000000000e+02 1.793913157593232333e+00 2.907523800791405114e-02
4.495000000000000000e+02 1.764078958997981061e+00 4.362679977208861609e-02
4.505000000000000000e+02 1.818787780878420079e+00 2.400505713133781194e-02
4.510000000000000000e+02 1.827636493547776242e+00 3.045374285429582745e-02
4.520000000000000000e+02 1.809456264933889003e+00 2.130287073985363822e-02
4.525000000000000000e+02 1.784408673790163435e+00 1.452040196131335927e-02
4.530000000000000000e+02 1.801727475695543035e+00 1.641972630141421211e-02
4.545000000000000000e+02 1.794575581461304914e+00 4.076610287677072397e-02
4.562500000000000000e+02 1.760551365594487550e+00 1.632491605591313705e-02
4.567500000000000000e+02 1.736332076652524758e+00 2.708206427215607143e-02
4.622500000000000000e+02 1.681576249422443325e+00 1.549309592970386958e-02
4.635000000000000000e+02 1.661034547873477152e+00 1.853584474755397629e-02
4.640000000000000000e+02 1.723834535771300525e+00 3.360918924525197610e-02
4.645000000000000000e+02 1.658091859627060183e+00 3.105523508712699707e-02
4.652500000000000000e+02 1.675364321320015115e+00 3.392445530304000895e-02
4.670000000000000000e+02 1.703083217652235470e+00 3.812879974414261353e-02
4.690000000000000000e+02 1.743192605743315138e+00 1.524064353701218635e-02
4.702500000000000000e+02 1.725463985111807652e+00 2.401214356106195352e-02
4.720000000000000000e+02 1.774672689547864390e+00 2.945993906962013700e-02
4.735000000000000000e+02 1.767281475912944710e+00 2.458898031267109374e-02
4.747500000000000000e+02 1.803480176383185585e+00 4.448999103812694561e-02
4.755000000000000000e+02 1.898932387728815119e+00 2.449163450434547334e-02
4.765000000000000000e+02 1.846208696625078582e+00 2.646899458658975163e-02
4.772500000000000000e+02 1.905172682120376271e+00 3.179359908527117085e-02
4.787500000000000000e+02 1.814831581458848930e+00 1.370463411453050860e-02
4.790000000000000000e+02 1.862057858644997399e+00 2.640797894798917536e-02
4.805000000000000000e+02 1.801974523294716413e+00 3.205509857030101883e-02
4.815000000000000000e+02 1.821497943233483463e+00 1.410326275812227685e-02
4.825000000000000000e+02 1.741672059348858603e+00 3.536266721366270599e-02
4.830000000000000000e+02 1.717829394955422417e+00 1.322796719243483562e-02
4.832500000000000000e+02 1.743678626031981871e+00 1.541799809505440405e-02
4.837500000000000000e+02 1.703082917044708822e+00 2.266483455216546442e-02
4.850000000000000000e+02 1.671923984005031283e+00 4.142195652722633487e-02
4.852500000000000000e+02 1.654735328155024998e+00 2.367540415825183236e-02
4.882500000000000000e+02 1.646676180542043122e+00 1.540932565128080335e-02
4.890000000000000000e+02 1.596680099336579284e+00 1.376753996818383223e-02
4.892500000000000000e+02 1.581934685188809642e+00 1.859853577312166675e-02
4.897500000000000000e+02 1.578432959847099637e+00 2.373437431455324362e-02
4.910000000000000000e+02 1.576222393100979335e+00 2.791493373614462731e-02
4.917500000000000000e+02 1.562786975203743101e+00 1.756419275113967407e-02
4.947500000000000000e+02 1.531927360861003340e+00 2.415974702451774078e-02
4.955000000000000000e+02 1.488385703178112252e+00 2.303097758379977697e-02
4.960000000000000000e+02 1.502534671373310093e+00 2.626542579965457716e-02
4.967500000000000000e+02 1.412410902563518755e+00 3.696481598053985573e-02
5.035000000000000000e+02 1.501388907559911834e+00 2.200666188355447986e-02
5.040000000000000000e+02 1.541935706974764120e+00 2.792625980189938906e-02
5.065000000000000000e+02 1.591165881867512732e+00 1.744149125696968158e-02
5.070000000000000000e+02 1.566233186050768778e+00 2.811539774611657508e-02
5.082500000000000000e+02 1.562573745615699616e+00 1.749521834908313728e-02
5.100000000000000000e+02 1.553087605100981206e+00 1.932708692296575617e-02
5.102500000000000000e+02 1.600935616647425341e+00 3.431546254268783014e-02
5.115000000000000000e+02 1.599094128457140274e+00 1.757394297256847926e-02
5.117500000000000000e+02 1.581598278721268125e+00 1.606005229820530941e-02
5.135000000000000000e+02 1.618185665847803767e+00 1.678721775431125940e-02
5.150000000000000000e+02 1.597370655813626472e+00 3.219276797917946381e-02
5.152500000000000000e+02 1.618286771576840533e+00 1.436696272060687674e-02
5.160000000000000000e+02 1.585613067681435950e+00 2.542435329088933715e-02
5.165000000000000000e+02 1.586950735078786812e+00 2.661578803578592764e-02
5.187500000000000000e+02 1.565302126104373803e+00 3.637004049665195499e-02
5.202500000000000000e+02 1.498882195833560527e+00 3.304472146657436854e-02
5.212500000000000000e+02 1.533904030006218555e+00 1.930837085640190950e-02
5.217500000000000000e+02 1.488274216648587833e+00 1.628475490911154150e-02
5.235000000000000000e+02 1.518479436443408437e+00 1.701805987924370420e-02
5.250000000000000000e+02 1.490640721623279985e+00 2.418885285171489680e-02
5.252500000000000000e+02 1.490080810932385091e+00 1.363168798369228558e-02
5.257500000000000000e+02 1.403560809036124013e+00 2.595382179437629236e-02
5.267500000000000000e+02 1.469390045130085642e+00 1.933710442057742784e-02
5.290000000000000000e+02 1.445574956569903646e+00 2.621473994332823923e-02
5.307500000000000000e+02 1.435544385129131184e+00 2.423997883978002907e-02
5.330000000000000000e+02 1.435474682641790567e+00 1.631492535377663741e-02
5.352500000000000000e+02 1.422258011054702287e+00 1.988610545914746425e-02
5.407500000000000000e+02 1.486361633946335914e+00 2.774067107978512442e-02
5.417500000000000000e+02 1.446745452757329353e+00 1.349216571031744243e-02
5.462500000000000000e+02 1.428889395143108976e+00 1.920857841403976474e-02
5.507500000000000000e+02 1.361044890916997652e+00 4.062660988144134455e-02
5.535000000000000000e+02 1.354079186653287747e+00 3.453463513674107782e-02
5.547500000000000000e+02 1.387426273080626826e+00 3.042698275968545168e-02
5.572500000000000000e+02 1.328783222226507688e+00 1.652221994856160545e-02
5.590000000000000000e+02 1.254901762664581311e+00 3.665948948144724662e-02
5.622500000000000000e+02 1.301066477272699196e+00 2.773343992993251503e-02
5.637500000000000000e+02 1.401714592777925095e+00 2.237312137712579516e-02
5.660000000000000000e+02 1.403166776064013854e+00 2.247136286973366176e-02
5.662500000000000000e+02 1.431103328345590509e+00 3.991057931351738725e-02
5.675000000000000000e+02 1.484560569185680468e+00 2.226815452473195761e-02
5.685000000000000000e+02 1.455660634304441148e+00 2.035545475153109629e-02
5.697500000000000000e+02 1.443955445822464823e+00 3.049537138062648894e-02
5.780000000000000000e+02 1.394025541168011140e+00 1.925791239800837135e-02
5.785000000000000000e+02 1.428790446247903745e+00 1.550011908907992023e-02
5.795000000000000000e+02 1.435043341869563838e+00 2.188503974294201196e-02
5.797500000000000000e+02 1.455420471102277569e+00 2.090301687466878874e-02
5.800000000000000000e+02 1.525919890046715688e+00 3.549106809567617593e-02
5.805000000000000000e+02 1.473033208397364735e+00 4.098057790066895328e-02
5.807500000000000000e+02 1.431547103189274139e+00 4.178459855638433362e-02
5.810000000000000000e+02 1.449830666820523639e+00 1.417507573397718164e-02
5.820000000000000000e+02 1.521497963781063500e+00 3.767343597898101248e-02
5.827500000000000000e+02 1.488891677328620045e+00 1.452255925233114121e-02
5.837500000000000000e+02 1.495260190664718047e+00 2.505949700442888783e-02
5.842500000000000000e+02 1.490716470915550707e+00 1.232527520037659391e-02
5.850000000000000000e+02 1.468002077522516435e+00 3.280487047373736170e-02
5.852500000000000000e+02 1.461267938945624012e+00 1.943999878992386590e-02
5.872500000000000000e+02 1.401802678874646269e+00 3.224735216962346107e-02
5.875000000000000000e+02 1.469393231015283741e+00 1.497437091644633969e-02
5.892500000000000000e+02 1.454508884088395293e+00 1.414859604387666905e-02
5.910000000000000000e+02 1.473045397215438701e+00 1.447162450427245256e-02
5.920000000000000000e+02 1.502294801362962229e+00 3.896275471102936261e-02
5.922500000000000000e+02 1.479914470980439933e+00 1.437472203509668374e-02
5.930000000000000000e+02 1.391582930283601360e+00 4.593876897753584182e-02
5.932500000000000000e+02 1.480829766564603300e+00 1.990063744091903619e-02
5.937500000000000000e+02 1.441548731955663687e+00 2.378633421747734789e-02
5.940000000000000000e+02 1.423754314362266182e+00 2.268184944278112819e-02
5.952500000000000000e+02 1.478981191364324710e+00 1.586977157757214069e-02
5.960000000000000000e+02 1.444823746384218843e+00 1.762750079857705598e-02
5.972500000000000000e+02 1.491245036894293774e+00 1.339273312571793821e-02
6.000000000000000000e+02 1.518721576312163979e+00 3.966453944317401004e-02
6.010000000000000000e+02 1.490814898833518365e+00 1.704710663456390773e-02
6.012500000000000000e+02 1.571158223395279441e+00 1.302487940641221774e-02
6.017500000000000000e+02 1.494885447044119964e+00 2.679867054723895567e-02
6.022500000000000000e+02 1.527236950606633226e+00 2.043626795491927661e-02
6.050000000000000000e+02 1.429807693832847670e+00 2.115632433702819767e-02
6.055000000000000000e+02 1.468670274181275825e+00 1.298257304168421063e-02
6.060000000000000000e+02 1.506893602936378418e+00 1.921858667501584114e-02
6.062500000000000000e+02 1.491569759941646200e+00 3.328142419715205552e-02
6.065000000000000000e+02 1.489221689713325247e+00 1.696261748781861464e-02
6.070000000000000000e+02 1.477901023340207676e+00 3.181615177474467204e-02
6.075000000000000000e+02 1.460053265274109391e+00 1.457137698172678714e-02
6.085000000000000000e+02 1.560920673072992315e+00 4.415241668454858437e-02
6.100000000000000000e+02 1.520489408457270653e+00 2.678394182786170488e-02
6.102500000000000000e+02 1.522836343955297211e+00 1.590322141804349776e-02
6.105000000000000000e+02 1.519411407051866281e+00 2.804465763874117515e-02
6.110000000000000000e+02 1.562036181478992702e+00 1.845445574106936368e-02
6.115000000000000000e+02 1.537220344382266513e+00 1.398037957259895721e-02
6.122500000000000000e+02 1.572443324408157705e+00 3.170800665081133923e-02
6.125000000000000000e+02 1.532795879647591564e+00 2.815160942554162035e-02
6.192500000000000000e+02 1.551101545568400519e+00 2.396128197756013448e-02
6.200000000000000000e+02 1.543302269509809976e+00 1.870013473076953189e-02
6.205000000000000000e+02 1.535819995586664932e+00 1.610211692313658072e-02
6.222500000000000000e+02 1.638581552091816107e+00 3.206679025073150974e-02
6.225000000000000000e+02 1.532107969883115262e+00 3.790283575598885069e-02
6.247500000000000000e+02 1.582571134746508346e+00 2.193843999776023956e-02
6.252500000000000000e+02 1.600622781090830005e+00 1.925398987262039868e-02
6.257500000000000000e+02 1.567402498161474256e+00 2.448967783544920770e-02
6.267500000000000000e+02 1.546919329515603625e+00 1.249898791674762012e-02
6.297500000000000000e+02 1.462123790195523965e+00 2.730651935240278536e-02
6.300000000000000000e+02 1.430641859051303699e+00 2.704452706616152294e-02
6.305000000000000000e+02 1.438461747519802714e+00 3.018484293373215402e-02
6.312500000000000000e+02 1.406985014537320167e+00 1.762140252462511200e-02
6.315000000000000000e+02 1.353012464523373204e+00 3.256456390875483303e-02
6.317500000000000000e+02 1.351169692241794396e+00 1.831773838617757957e-02
6.342500000000000000e+02 1.325399711504637201e+00 3.342990417695986677e-02
6.355000000000000000e+02 1.201016690176632151e+00 2.043408094385439772e-02
6.375000000000000000e+02 1.143975094501626932e+00 4.133581640310545618e-02
6.380000000000000000e+02 1.211250163977490191e+00 1.371742613056869432e-02
6.395000000000000000e+02 1.203548876370960308e+00 3.420692589640378367e-02
6.402500000000000000e+02 1.288926734656848927e+00 1.323575155465300628e-02
6.410000000000000000e+02 1.199562112909051903e+00 2.780049347442348218e-02
6.412500000000000000e+02 1.273457511196575798e+00 2.468348274602354814e-02
6.422500000000000000e+02 1.288100391886657814e+00 2.298548683802650178e-02
6.447500000000000000e+02 1.250292742651857747e+00 1.729890557992986438e-02
6.450000000000000000e+02 1.259024785938516189e+00 2.370317172473541956e-02
6.462500000000000000e+02 1.269044173573394163e+00 1.617565317827589916e-02
6.467500000000000000e+02 1.251370460350235581e+00 2.199265196725461516e-02
6.487500000000000000e+02 1.245864366658424593e+00 2.471926020548728675e-02
6.490000000000000000e+02 1.292827153136199669e+00 3.515483779879326198e-02
6.492500000000000000e+02 1.300881008704997122e+00 2.021716752653359220e-02
6.507500000000000000e+02 1.314576666710332242e+00 1.544103533307093594e-02
6.512500000000000000e+02 1.369874826123556044e+00 3.603543056864206423e-02
6.517500000000000000e+02 1.281456487068822092e+00 1.256336449214912054e-02
6.532500000000000000e+02 1.236828693614696384e+00 2.983316430081285608e-02
6.537500000000000000e+02 1.261884836155483969e+00 1.802655194341307165e-02
6.547500000000000000e+02 1.271425473994249433e+00 2.447265834515407329e-02
6.560000000000000000e+02 1.231316761690438799e+00 1.377044372419388395e-02
6.565000000000000000e+02 1.206481513014293627e+00 2.637817510234682569e-02
6.572500000000000000e+02 1.265834090618148666e+00 1.657031422520745256e-02
6.592500000000000000e+02 1.254663533820878918e+00 2.526879609692067596e-02
6.610000000000000000e+02 1.241041600903470821e+00 1.457152798205730258e-02
6.622500000000000000e+02 1.236160735417405343e+00 1.544036232029315225e-02
6.630000000000000000e+02 1.178868423296084211e+00 3.147532094571406369e-02
6.635000000000000000e+02 1.249999173781196404e+00 1.820371010322260549e-02
6.645000000000000000e+02 1.187873572559780211e+00 3.124836794672054135e-02
6.677500000000000000e+02 1.252988591213390679e+00 3.239365067452762426e-02
6.680000000000000000e+02 1.216377601307113032e+00 1.778244117525149687e-02
6.682500000000000000e+02 1.161062340858916686e+00 2.027660866220690195e-02
6.690000000000000000e+02 1.227196286584490981e+00 3.461738079212636071e-02
6.702500000000000000e+02 1.199028002301447238e+00 1.472692898067880923e-02
6.715000000000000000e+02 1.250197114047321589e+00 1.433962561133472584e-02
6.735000000000000000e+02 1.321345016981586573e+00 1.347506099850666328e-02
6.737500000000000000e+02 1.363709228641268423e+00 3.290223270913870263e-02
6.765000000000000000e+02 1.319378270433038125e+00 2.327447584998986255e-02
6.782500000000000000e+02 1.316154006699496781e+00 1.245535392972789597e-02
6.797500000000000000e+02 1.313633801337419138e+00 1.593225925259603853e-02
6.807500000000000000e+02 1.265619779713519133e+00 4.548143648941193468e-02
6.817500000000000000e+02 1.315536255499206275e+00 1.806963116791044169e-02
6.837500000000000000e+02 1.233887735127019880e+00 3.723832181287631965e-02
6.867500000000000000e+02 1.347830574672226112e+00 2.282859354864746199e-02
6.877500000000000000e+02 1.331465593024836025e+00 3.139327855074180995e-02
6.892500000000000000e+02 1.347494848564874115e+00 1.556528467501866984e-02
6.905000000000000000e+02 1.361048268338052702e+00 2.835949284498954365e-02
6.920000000000000000e+02 1.312275544992930643e+00 2.193014235613458679e-02
6.922500000000000000e+02 1.345217359280562297e+00 2.665576014746488809e-02
6.927500000000000000e+02 1.278460025985993731e+00 2.046606820913578900e-02
6.940000000000000000e+02 1.312940669502223656e+00 1.893267634961788223e-02
6.972500000000000000e+02 1.337379762761530699e+00 2.100120156594837556e-02
6.975000000000000000e+02 1.320538023511768744e+00 2.204053610414060532e-02
6.982500000000000000e+02 1.357983906826498277e+00 1.159506268163244813e-02
7.000000000000000000e+02 1.260109382035144110e+00 3.027113307924670857e-02
7.017500000000000000e+02 1.256873654836327514e+00 1.355685124498246137e-02
7.060000000000000000e+02 1.185265393065886741e+00 3.108584920367795518e-02
7.090000000000000000e+02 1.218293751563698235e+00 1.558285743579094877e-02
7.097500000000000000e+02 1.221429379437092955e+00 3.069151792354371522e-02
7.100000000000000000e+02 1.264309580734564786e+00 2.358979689777680744e-02
7.115000000000000000e+02 1.189902952186087770e+00 2.002808098230488693e-02
7.130000000000000000e+02 1.217234554424783344e+00 1.234728682046799635e-02
7.135000000000000000e+02 1.229629007851634315e+00 1.204063485342699545e-02
7.172500000000000000e+02 1.247788378099169204e+00 2.006501212376945315e-02
7.192500000000000000e+02 1.280156816478423165e+00 2.718959483313295247e-02
7.205000000000000000e+02 1.269670478766532939e+00 3.592742626408002016e-02
7.210000000000000000e+02 1.321427850737259213e+00 2.292604459985444348e-02
7.212500000000000000e+02 1.294710078247236940e+00 2.004935039524725210e-02
7.240000000000000000e+02 1.344687837793824725e+00 1.332454444241563951e-02
7.250000000000000000e+02 1.406136722200702405e+00 1.837687777450050866e-02
7.252500000000000000e+02 1.323920352254676969e+00 3.888637985943468878e-02
7.257500000000000000e+02 1.432019299361705578e+00 1.316306748866728597e-02
7.267500000000000000e+02 1.448634879048084301e+00 2.078336554075628159e-02
7.277500000000000000e+02 1.462652939798051666e+00 2.316592980220937709e-02
7.285000000000000000e+02 1.476585321844029908e+00 2.771683748646110168e-02
7.295000000000000000e+02 1.507273095535314411e+00 2.466769088022554082e-02
