# Mean residuals and ratios for the PSD approximation
# f, mean_res, mean_rat
0.00024999999999999995	-2.0400998598790744e-16	1.0
0.0002541858320725946	-0.0011036114942005672	1.0004129912559236
0.0002584417489057492	-0.0017438385678852928	1.000679589666716
0.00026276892395161777	-0.001983016707242374	1.000814622338929
0.0002671685503098493	-0.0018820180063403578	1.0008334238758176
0.0002716418410565517	-0.0014997353667277418	1.0007516573397093
0.0002761900295787644	-0.0008925970017654038	1.0005851303994393
0.0002808143699145311	-0.00011411973870281777	1.0003496100256009
0.00028551613709866595	0.0007854915025361565	1.0000606390623281
0.0002902966275143097	0.0017596919699611503	0.9997333578746854
0.0002951571592503716	0.0027658884135505495	0.9993823340554366
0.0003000990724649562	0.0037656703069488093	0.9990214028875025
0.00030512372975487515	0.0047249792537405735	0.9986635209147418
0.0003102325165313458	0.005614216304938238	0.9983206345910759
0.00031542684140198053	0.006408288242555446	0.9980035655743761
0.00032070813655917115	0.00708659507143001	0.9977219138237523
0.00032607785817497697	0.007632961978673285	0.997483979262615
0.00033153748680262417	0.008035519848997513	0.9972967023980942
0.00033708852778472763	0.008286539057091164	0.9971656239505284
0.0003427325116683478	0.008382221697438899	0.9970948632523566
0.000348470994626997	0.008322457668281366	0.9970871149274637
0.00035430555888971165	0.00811055011754245	0.9971436631618729
0.0003602378131773082	0.007752915707282319	0.9972644127222119
0.00036626939314594404	0.007258764985739132	0.9974479357665874
0.0003724019618381044	0.006639767899842857	0.9976915334170539
0.0003786372101411409	0.005909709163772262	0.997991311017007
0.00038497685725348714	0.005084137846685434	0.9983422659727561
0.00039142265115868057	0.004180015178641928	0.9987383870676267
0.0003979763691073208	0.003215364217942207	0.999172764131857
0.0004046398181070976	0.00220892469159709	0.9996377069441396
0.00041141483542102395	0.0011798160250033757	1.0001248722250677
0.0004183032890740103	0.0001472113242062206	1.0006253975535007
0.0004253070783679217	-0.0008699751329884426	1.001130040990521
0.00043242813440525765	-0.0018533845039362337	1.0016293251305424
0.0004396684206216009	-0.0027854918176141055	1.0021136842152043
0.00044702993332698074	-0.0036498640670034597	1.0025736128453397
0.0004545147022563005	-0.004431395860469463	1.002999814713484
0.0004621247911289815	-0.005116520607206257	1.0033833496601534
0.00046986229821797677	-0.005693395293844222	1.0037157772391399
0.00047772935692831224	-0.0061520570163528104	1.0039892948693694
0.0004857281363853145	-0.006484549577739877	1.00419686856325
0.0004938608420326877	-0.006685018660389396	1.0043323541646334
0.0005021297162406039	-0.006749774342298847	1.004390607013188
0.0005105370389239751	-0.0066773200555031035	1.0043675779860597
0.0005190851281710771	-0.006468347485012357	1.0042603939596009
0.0005277763408826988	-0.0061256973752076066	1.0040674208894584
0.0005366130734219927	-0.0056542867403888515	1.003788307929285
0.0005455977622752063	-0.005061003554571107	1.0034240112961512
0.0005547328847234761	-0.004354570605551013	1.0029767969404035
0.00056402095952587	-0.0035453808186653047	1.0024502214814761
0.0005734645476138661	-0.002645306962605434	1.001849091317597
0.0005830662527974587	-0.0016674892176994987	1.0011794002921353
0.0005928287224830875	-0.0006261045907554005	1.000448246785552
0.0006027546484035877	0.00046387742396310975	0.999663731581319
0.0006128467673603608	0.0015869482313915374	0.9988348383076311
0.0006231078619779727	0.002727317681931568	0.9979712986662368
0.000633540761471386	0.0038691708426255946	0.9970834450085683
0.0006441483424260379	0.004996919150792046	0.9961820530938942
0.0006549335295909805	0.006095441335819602	0.9952781780543504
0.0006658992966852987	0.007150309849312172	0.9943829866914027
0.000677048667218033	0.008147999009025764	0.9935075892362136
0.0006883847153218279	0.00907607161760721	0.9926628736254534
0.0006999105666005402	0.009923341438996302	0.9918593451815171
0.0007116293989910381	0.010680009577404058	0.9911069743525733
0.00072354444363943	0.011337773479541416	0.9904150548767999
0.0007356589857919645	0.011889907944787495	0.9897920744016061
0.0007479763657008465	0.012331318157253723	0.9892455992290337
0.0007604999795452202	0.012658565328732595	0.9887821744881162
0.0007732332803675722	0.01286986604707791	0.9884072406690864
0.000786179779025813	0.012965066850147186	0.9881250671056272
0.0007993430451612995	0.012945595885315134	0.9879387026706622
0.0008127267081830663	0.012814393767591937	0.9878499436663873
0.0008263344582685342	0.012575825918530554	0.9878593186455633
0.0008401700473809766	0.012235578759839981	0.9879660897006753
0.0008542372903040194	0.011800542159087221	0.9881682696002367
0.0008685400656934631	0.011278680491135114	0.9884626540343837
0.000883082317146716	0.010678894600161089	0.9888448681506806
0.0008978680542901319	0.01001087683568964	0.9893094265089527
0.0009129013538845552	0.009284961204137401	0.9898498055548374
0.0009281863609493755	0.008511970536095353	0.9904585276967425
0.000943727289905403	0.007703062428693115	0.9911272560632016
0.0009595284257368787	0.006869575589967824	0.9918468990092667
0.0009755941251729415	0.006022878094241396	0.9926077234249139
0.000991928817888877	0.005174218958077606	0.9933994758700062
0.0010085370077274778	0.004334584367282103	0.9942115105146722
0.0010254232739408552	0.003514559826422007	0.9950329227983451
0.001042592272453042	0.0027241994612744462	0.9958526876345397
0.0010600487371437354	0.001972903677559903	0.9966598008821479
0.0010777974811535345	0.0012693063608641985	0.9974434226814093
0.0010958433982110314	0.0006211727861966707	0.9981930211177757
0.001114191463982123	3.530938383194935e-5	0.9988985145370843
0.0011328467374419134	-0.00048251352682680555	0.9995504106987306
0.001151814362269588	-0.0009276249792276825	1.0001399408294964
0.0011710995682666409	-0.0012965016046811407	1.0006591865399421
0.00119070767279885	-0.0015868000245027921	1.0011011974983623
0.0012106440822623942	-0.0017973726881720103	1.001460097734749
0.0012309142935745178	-0.0019282666512714071	1.0017311784782643
0.0012515238956891557	-0.001980705021793397	1.001910975524328
0.001272478571137933	-0.0019570510753457327	1.001997329286579
0.0012937840975969675	-0.001860755343370377	1.0019894259172766
0.001315446349479905	-0.0016962863055578427	1.0018878181758626
0.0013374712995576274	-0.0014690456577310376	1.0016944250846818
0.0013598650206050802	-0.0011852694672491889	1.001412509824713
0.0013826336870756738	-0.0008519168558662452	1.0010466357803485
0.0014057835768037188	-0.00047654815093994195	1.000602601125783
0.0014293210727353662	-6.719470629496157e-5	1.000087352838733
0.001453252664688531	0.00036777719848268755	0.9995088815114201
0.0014775849511422788	0.0008198058272670469	0.9988760987846014
0.0015023246410561773	0.001280274198478875	0.9981986996395921
0.0015274785557201063	0.0017406484126158642	0.9974870121296935
0.0015530536306350416	0.002192611547386777	0.9967518374023282
0.0015790569174253288	0.0026281907203879224	0.9960042830473538
0.0016054955857829746	0.003039875133628212	0.9952555928998503
0.001632376925444493	0.003420723184530542	0.9945169764265862
0.0016597083482008494	0.003764457042308723	0.9937994407379711
0.0016874973899410584	0.004065543433236219	0.9931136280993965
0.0017157517127299989	0.004319259738954277	0.9924696615785643
0.001744479106921017	0.004521744874382822	0.9918770011724449
0.0017736874933039024	0.004670034762695998	0.991344312424473
0.0018033849252888287	0.0047620825524766165	0.9908793491850445
0.0018335795911268598	0.004796764016961769	0.9904888518024915
0.0018642798161676354	0.004773868830060857	0.990178461671549
0.001895494065154857	0.004694078623995558	0.9899526527247878
0.0019272309445602094	0.004558932896994445	0.9898146801393978
0.001959499204956358	0.004370783956860531	0.9897665462551446
0.0019923077434296802	0.0041327421599426945	0.9898089834629982
0.0020256656060333874	0.0038486127393017105	0.9899414536308467
0.0020595819902817333	0.0035228255161881797	0.9901621634808626
0.0020940662476859723	0.003160358761698805	0.9904680952205783
0.00212912788633278	0.002766658427406594	0.9908550516508972
0.00216477657350585	0.002347553901636193	0.9913177149232119
0.00220102213835138	0.001909171378284941	0.9918497180870932
0.0022378745745881886	0.0014578458534471213	0.9924437285521154
0.00227534404326321	0.0010000326964858034	0.9930915425743517
0.0023134408755531243	0.000542219680474841	0.9937841898627747
0.0023521755756128913	9.084030482321824e-5	0.9945120473765453
0.0023915588234719887	-0.00034781079808192454	0.9952649613457394
0.0024316014779791322	-0.0007676596099030361	0.9960323764911198
0.002472314579796307	-0.001162930883650635	0.9968034713412633
0.0025137093544429267	-0.0015282219780656742	0.9975672984466938
0.0025557972153909606	-0.0018585716402709875	0.9983129281724832
0.0025985897672118874	-0.0021495230100625545	0.9990295946163481
0.0026420988087763352	-0.0023971801234347542	0.9997068420540378
0.002686336336507296	-0.0025982572037766753	1.0003346701651248
0.002731314547687811	-0.002750120051297838	1.000903676148809
0.0027770458438240355	-0.002850818879090196	1.001405191711285
0.0028235428340646134	-0.002899112001739357	1.001831412804256
0.002870818338677304	-0.002894479862684287	1.0021755199292848
0.002918885392583818	-0.002837128991590862	1.002431786805517
0.00296775724895384	-0.0027279856135167435	1.0025956752381036
0.003017447382859225	-0.002568678786714972	1.0026639141286198
0.0030679694949893818	-0.002361513123022982	1.0026345607424825
0.0031193375154288565	-0.002109431339729406	1.002507042592366
0.0031715656074981762	-0.001815967098875915	1.0022821786103038
0.003224668171658993	-0.001485188802074738	1.0019621786576216
0.003278659849484615	-0.0011216352180673606	1.001550620852438
0.00333355552769702	-0.0007302440178036714	1.001052406665532
0.0033893703422714578	-0.0003162744691279249	1.0004736942311794
0.0034461196826097826	0.00011477430796631752	0.9998218108219128
0.003503819195783654	0.0005572480112837861	0.9991051459254312
0.003562484790848791	0.0010054231653626488	0.9983330268189653
0.0036221326432314535	0.0014535928562827776	0.9975155789429183
0.003682779199188375	0.001896150599048229	0.9966635737153071
0.0037444411803413645	0.0023276708101577456	0.9957882666889245
0.0038071355882878335	0.0027429844670996064	0.9949012291251768
0.003870879709288521	0.0031372486839456306	0.994014176137796
0.003935691119033705	0.003506009111333096	0.9931387945463811
0.004001587687489214	0.0038452542720228827	0.9922865734785635
0.0040685875838235835	0.004151461161232905	0.9914686405790868
0.004136709281417701	0.004421631665166593	0.9906956064361051
0.004205971562958335	0.004653319572962948	0.989977419534077
0.004276393525616944	0.004844648168808423	0.9893232337038396
0.004347994586315199	0.004994318585416648	0.9887412896807357
0.0044207944870786635	0.005101609272147264	0.9882388120159404
0.0044948133004801185	0.005166367076893758	0.9878219222288077
0.004570071435174018	0.005188990558342999	0.9874955687517184
0.004646589641523619	0.005170406233647033	0.987263473912644
0.004724389017322322	0.005112038526733895	0.9871280979320259
0.00480349101361081	0.005015774216384756	0.987090619683347
0.00488391744059158	0.004883922193756726	0.9871509337824215
0.0049656904736425115	0.0047191693298441265	0.9873076634278433
0.005048832659431115	0.004524533228459773	0.9875581883107557
0.0051333669221311565	0.004303312603860808	0.9878986868409235
0.0052193165697433696	0.004059035978220876	0.988324191891805
0.005306705300521996	0.003795409346566316	0.9888286592419651
0.00539555720950893	0.0035162634089170365	0.98940504787681
0.005485896795177258	0.0032255009239937505	0.9900454113046832
0.005577748966186047	0.0029270446981248988	0.990740999028183
0.005671139048248221	0.0026247866883627596	0.9914823672882946
0.005766092791113427	0.002322538671033032	0.9922594981605191
0.005862636375667826	0.0020239849060297234	0.9930619260245335
0.005960796421152749	0.001732637212497514	0.9938788703499847
0.0060605999925042245	0.0014517928618787922	0.9946993736403449
0.00616207460781539	0.0011844956878812305	0.9955124432559758
0.00626524824592385	0.0009335008075754476	0.9963071957001519
0.0063701493541260725	0.0007012433410910125	0.9970730018035834
0.00647680685602095	0.0004898115066292454	0.9977996310908235
0.006585250159484685	0.0003009244501530815	0.998477393465318
0.0066955091647792064	0.00013591514271440308	0.999097276218352
0.006807614272796345	-4.281359130073225e-6	0.9996510742619011
0.006921596393440042	-0.00011913404454551532	1.000131511417044
0.007037486954148911	-0.0002085162897558467	1.0005323505690573
0.0071553179085614834	-0.00027270030534557675	1.0008484905361312
0.007275121745326555	-0.0003123456756191207	1.0010760475986722
0.007396931497061031	-0.00032848207748966324	1.001212419804843
0.007520780749457767	-0.0003224863762737677	1.001256332406608
0.0076467036505459	-0.00029605441077065807	1.0012078630876178
0.0077747349201062275	-0.00025116789600768076	1.0010684460131931
0.007904909859244238	-0.00019005698448991052	1.0008408541545069
0.008037264360123416	-0.0001151591309406134	1.0005291598004717
0.008171834915861523	-2.9074996699361868e-5	1.0001386736560207
0.008308658630592573	6.547779613782488e-5	0.9996758634165331
0.008447773229697274	0.00016571219770974928	0.999148253186447
0.008589217070204769	0.00026881965793130016	0.9985643055559643
0.008733029151368532	0.00037201755173009964	0.9979332885467247
0.008879249125419344	0.000472595226420826	0.9972651299687393
0.009027917308498298	0.0005679578416561442	0.9965702619855482
0.00917907469177288	0.0006556672410326404	0.99585945885359
0.009332762952739139	0.0007334791826069748	0.9951436708814629
0.009489024466713136	0.0007993763593338483	0.9944338576455216
0.009647902318514751	0.0008515967552476495	0.993740823404766
0.00980944031434715	0.0008886570042391255	0.9930750574887562
0.00997368299387514	0.0009093705407012315	0.9924465821989129
0.010140675642505759	0.0009128604505752088	0.9918648104796813
0.010310464303874481	0.0008985670433722536	0.991338415296892
0.010483095792540484	0.0008662502672229165	0.9908752123213371
0.010658617706894477	0.0008159871773893632	0.9904820571710732
0.010837078442282657	0.0007481647423038156	0.9901647581294883
0.01101852720435038	0.0006634683293139563	0.9899280049393527
0.01120301402260929	0.0005628662549726223	0.9897753139846904
0.011390589764231554	0.00044759081270866625	0.9897089899190054
0.01158130614807511	0.00031911620545449916	0.9897301035836346
0.011775215758943715	0.00017913381414717347	0.9898384858848526
0.011972372062085752	2.952522712864098e-5	0.9900327371616116
0.012172829417935812	-0.00012766655733023802	0.9903102514738773
0.012376643097103093	-0.0002902673605394958	0.9906672551692334
0.01258386929561074	-0.00045600310983113634	0.9910988590369274
0.012794565150390368	-0.0006225318269283286	0.9915991233258563
0.013008788755035994	-0.0007874759820022108	0.9921611348796516
0.01322659917582175	-0.0009484548932733547	0.9927770956196884
0.013448056467987786	-0.001103116864529983	0.9934384215793761
0.013673221692298858	-0.0012491707613904919	0.9941358516538711
0.013902156931880147	-0.0013844167314919222	0.9948595651739821
0.01413492530933498	-0.001506775774433771	0.9955993073375693
0.01437159100414916	-0.001614317865047827	0.9963445214350662
0.014612219270386684	-0.0017052883295571603	0.9970844866874812
0.014856876454681768	-0.0017781321698964168	0.9978084603777971
0.015105630014532103	-0.0018315160285851456	0.9985058228041971
0.015358548536898414	-0.0018643474869084263	0.9991662234219985
0.01561570175711542	-0.0018757913946361425	0.9997797263785265
0.01587716057811945	-0.0018652829418999931	1.0003369534906892
0.016142997089997963	-0.001832537204741013	1.000829222579542
0.016413284589866427	-0.0017775549265200438	1.0012486789702004
0.016688097602077977	-0.0017006243386855021	1.0015884179007386
0.01696751189877145	-0.001602318876619039	1.0018425955702868
0.01725160452076349	-0.0014834907091036073	1.0020065266034663
0.017540453798790417	-0.0013452600723898513	1.002076765822409
0.017834139375105786	-0.001189000480196564	1.0020511724030072
0.018132742225439553	-0.0010163199669583004	1.0019289547493342
0.0184363446813249	-0.000829038610342886	1.0017106947463155
0.018745030452798902	-0.0006291626672039154	1.001398350438907
0.01905888465148326	-0.00041885574114112133	1.0009952366255397
0.01937799381405151	-0.0002004074760999122	1.0005059833302918
0.019702445926089104	2.3799664501195212e-5	0.9999364726157016
0.02003233044635305	0.0002513249228334888	0.9992937546974107
0.020367738331437686	0.00047970443157626785	0.9985859448037826
0.02070876206085348	0.0007064863987536475	0.9978221026692762
0.02105549566252569	0.0009292656362466131	0.9970120969419802
0.021408034738720005	0.0011457167986170913	0.9961664571086161
0.02176647649240223	0.0013536257399241391	0.9952962157828159
0.022130919754039333	0.0015509184535171777	0.99441274435732
0.022501465008849243	0.0017356871307388298	0.9935275850847896
0.022878214424506875	0.0019062129558702861	0.9926522826268992
0.023261271879314073	0.002060985342975039	0.9917982180027657
0.023650742990841186	0.0021987174118700335	0.9909764476851247
0.024046735145048213	0.0023183575916990553	0.9901975503479995
0.024449357525893545	0.0024190973281925866	0.989471483477668
0.024858721145438425	0.0025003749518155444	0.9888074517341882
0.02527493887445548	0.0025618758363240525	0.9882137886096511
0.025698125473549747	0.0026035290391202347	0.9876978525858854
0.026128397624800737	0.0026255006651982734	0.9872659386618243
0.02656587396393433	0.002628184235071673	0.9869232058103464
0.027010675113033306	0.0026121883640865596	0.986673620644129
0.02746292371379559	0.002578322076710301	0.986519917326546
0.027922744461349295	0.0025275780858849514	0.986463573559191
0.028390264138634023	0.002461114365801342	0.9865048023133342
0.02886561165135774	0.0023802343381072303	0.9866425588465952
0.029348918063539006	0.002286365978315826	0.9868745624542347
0.029840316633644268	0.0021810401327057574	0.9871973323417399
0.030339942851330223	0.0020658683178713297	0.9876062369649744
0.03084793447480138	0.0019425202566826015	0.9880955561588077
0.03136443156879307	0.0018127013869172052	0.9886585553572561
0.031889576543190495	0.001678130563125093	0.9892875711904104
0.03242351419229429	0.0015405181589966098	0.9899741077186904
0.03296639173474363	0.0014015447669422309	0.9907089425273026
0.03351835885410768	0.0012628406837780722	0.9914822418484244
0.034079567740156726	0.001125966366095938	0.9922836838020699
0.03465017313082437	0.0009923940355688187	0.9931025887473134
0.035230332354872225	0.0008634906123746637	0.9939280556138057
0.035820205375269004	0.0007405021532067773	0.9947491029414159
0.03641995483329593	0.0006245399679458174	0.9955548131978547
0.03702974609339057	0.0005165685848892229	0.9963344787763737
0.03764974728874158	0.0004173957273725579	0.9970777479061544
0.03828012936764678	0.00032766445362908663	0.9977747685463506
0.038921066140647456	0.00024784759592812617	0.9984163281916342
0.03957273432845186	0.00017824461372476462	0.9989939874036351
0.04023531361066107	0.0001189809483390761	0.9995002048101546
0.04090898667531072	7.000993349127123e-5	0.9999284512929908
0.04159393926924218	3.1117277158409166e-5	1.000273311124638
0.04229036024931718	1.92808638317327e-6	1.0005305679206886
0.04299844163448988	-1.8083641052739232e-5	1.0006972734530717
0.043718378658750834	-2.9583184334811742e-5	1.0007717976190902
0.04445036982495739	-3.3361103800772985e-5	1.000753858180383
0.04519461695956543	-3.0317308302080108e-5	1.0006445292668875
0.045951325268277346	-2.1443458728015895e-5	1.0004462280733086
0.0467207033926221	-7.804021618009183e-6	1.0001626796455003
0.04750296346748218	9.483679510249264e-6	0.9997988601447637
0.0482983211795841	2.927004264180792e-5	0.9993609194713489
0.049106995826968036	5.039400832738291e-5	0.9988560846049713
0.04992921037945322	7.170373220750811e-5	0.9982925454614042
0.050765191540115794	9.207672509472025e-5	0.9976793254532957
0.051615169807795916	0.00011043909473975528	0.9970261392650356
0.05247937954065149	0.00012578355143618537	0.9963432405955721
0.053358059020776005	0.00013718587636018603	0.995641262781533
0.05425145051989826	0.00014381959533649202	0.9949310552835595
0.05515980036618216	0.0001449686496370547	0.9942235190029267
0.05608335901214491	0.00014003790737376881	0.9935294432986145
0.057022381103712425	0.0001285614119462943	0.992859347406505
0.057977125550430976	0.00011020831585034699	0.9922233287339194
0.058947855596854344	8.4786497156907e-5	0.9916309202281695
0.059934838895126324	5.224390063760373e-5	0.9910909587117664
0.06093834757877838	1.2667684693056425e-5	0.990611465754677
0.06195865833776308	-3.371871182694975e-5	0.990199542328495
0.06299605249474366	-8.656044251992153e-5	0.9898612781724594
0.0640508160826611	-0.00014537790598908234	0.989601676506016
0.06512323992359977	-0.00020957500467682716	0.9894245944560918
0.0662136197089737	-0.00027844882899182244	0.9893326993344298
0.06732225608105534	-0.0003512005831021711	0.9893274407040085
0.0684494547158694	-0.0004269475701241651	0.9894090380144546
0.06959552640747461	-0.0005047360587865849	0.9895764834621872
0.07076078715365669	-0.0005835548599655953	0.9898275596382492
0.07194555824305598	-0.0006623494487844169	0.9901588714599824
0.07315016634375403	-0.0007400364753671726	0.9905658918354096
0.07437494359334332	-0.0008155185140714534	0.991043020474457
0.07562022769050508	-0.0008876989065108669	0.9915836552314268
0.07688636198812039	-0.0009554965575101481	0.9921802753314095
0.07817369558794039	-0.0010178605451053666	0.9928245357929478
0.07948258343684142	-0.0010737844058087422	0.9935073723043564
0.08081338642469188	-0.0011223199547970542	0.99421911573767
0.08216647148385774	-0.001162590497844951	0.9949496153885523
0.08354221169037401	-0.001193803288266761	0.995688369912393
0.08494098636681026	-0.0012152610785579664	0.9964246647861412
0.08636318118685836	-0.001226372613657461	0.9971477149657137
0.08780918828167139	-0.001226661911669348	0.9978468112343246
0.08927940634798309	-0.0012157761793981764	0.9985114685551757
0.0907742407580375	-0.0011934922150396076	0.999131574560916
0.0922941036713592	-0.0011597211596140738	0.9996975361423511
0.09383941414839503	-0.0011145114728712039	1.0002004219512073
0.09541059826605842	-0.0010580500288506554	1.0006320985179245
0.09700808923520848	-0.00099066125123071	1.000985357616818
0.09863232752009594	-0.000912804238890304	1.0012540324981882
0.10028376095980908	-0.0008250678672956932	1.0014331006585382
0.10196284489175303	-0.0007281638905972923	1.001518770943043
0.10367004227719662	-0.0006229181115728692	1.0015085529711962
0.10540582382892118	-0.0005102597303780952	1.00140130714806
0.10717066814100663	-0.00039120902684734434	1.0011972738645085
0.10896506182079074	-0.00026686357306908985	1.0008980808932444
0.11078949962303766	-0.00013838321134716894	1.000506728440603
0.11264448458635298	-6.974065720493037e-6	1.0000275518026602
0.1145305281718828	0.0001261281185942879	0.9994661620801538
0.11644815040433511	0.0002596749954241832	0.9988293659111873
0.1183978800153623	0.0003924226761079468	0.9981250656638571
0.12038025458934438	0.0005231485053061388	0.9973621419742729
0.12239582071161316	0.0006506672432938577	0.9965503209015439
0.12444513411915804	0.00077384636299617	0.9957000282863989
0.1265287598538553	0.000891620197340622	0.9948222341333094
0.12864727241826293	0.0010030027067442638	0.993928289981572
0.1308012559340237	0.0011070986761805306	0.9930297622862765
0.13299130430292092	0.0012031131945433203	0.9921382647987332
0.13521802137063038	0.0012903593141235317	0.9912652928238659
0.1374820210932143	0.00136826383314741	0.9904220620494031
0.13978392770640277	0.0014363711878291447	0.989619354401331
0.14212437589770965	0.001494345480809564	0.9888673730958089
0.1445040109814302	0.0015419707090021488	0.9881756087453014
0.14692348907656877	0.0015791492848784366	0.9875527180502813
0.14938347728774565	0.0016058989705536356	0.9870064162820682
0.15188465388913272	0.0016223483634599056	0.986543384449022
0.15442770851146903	0.0016287310859995322	0.9861691917477674
0.15701334233220748	0.00162537883969073	0.9858882336408561
0.15964226826884526	0.001612713487505421	0.9857036856773785
0.16231521117549125	0.001591238327051935	0.9856174729859115
0.16503290804272466	0.001561528712784082	0.985630255219454
0.1677961082007999	0.0015242221783632504	0.985741426617783
0.1706055735262538	0.0014800082015104343	0.9859491307694055
0.17346207865197225	0.0014296177439503083	0.9862502895974222
0.1763664111807737	0.0013738126890883915	0.9866406460546617
0.17931937190256933	0.001313375290473922	0.9871148199857286
0.1823217750151586	0.0012490977353627642	0.9876663765898739
0.18537444834872197	0.0011817719201435372	0.9882879068913405
0.18847823359407248	0.0011121795282131768	0.9889711195866127
0.19163398653472874	0.0010410824961376412	0.9897069435845873
0.19484257728287374	0.0009692139505146406	0.9904856404822051
0.1981048905192644	0.0008972696956571875	0.9912969261210007
0.20142182573715797	0.0008259003307110155	0.9921301002486543
0.20479429749032269	0.0007557040736934262	0.9929741831646778
0.20822323564520065	0.0006872203687129419	0.9938180580635185
0.2117095856372932	0.0006209243507829419	0.9946506176071404
0.21525430873183846	0.0005572222396500316	0.9954609130689771
0.21885838228885418	0.0004964477294209467	0.9962383042014563
0.22252280003261768	0.0004388594340503089	0.9969726077998821
0.22624857232565812	0.00038463943959767043	0.9976542427781303
0.23003672644733614	0.0003338930023557337	0.998274369448021
0.23388830687708795	0.00028664941742002794	0.9988250206158558
0.23780437558241188	0.00024286406511548326	0.9992992220875528
0.24178601231167673	0.00020242162319761406	0.9996911002166396
0.24583431489183272	0.0001651404113688798	0.9999959742438892
0.249950399531107	0.00013077781202510438	1.0002104313667906
0.2541354011267677	9.903668804389477e-5	1.0003323827415034
0.25839047357804024	6.957269572597026e-5	1.0003610989549223
0.26271679010426385	4.2002369633450376e-5	1.000297223902133
0.2671155435683741	1.5911836972594483e-5	1.000142766453391
0.27158794680580234	-9.133996781991844e-6	0.9999010697789474
0.2761352329588818	-3.3581961363247936e-5	0.9995767587031257
0.2807586558168526	-5.788101216428544e-5	0.9991756659611104
0.28545949016155964	-8.247267818364297e-5	0.9987047387140571
0.29023903211893876	-0.00010778174557259778	0.9981719271215936
0.29509859951638795	-0.00013420734753594475	0.9975860571586349
0.30003953224612184	-0.0001621146193617316	0.9969566901817978
0.30506319263461035	-0.00019182706131539465	0.9962939719895278
0.3101709658182027	-0.0002236197327626288	0.995608474272754
0.3153642601250407	-0.000257713379046212	0.9949110314181409
0.3206445074633667	-0.00029426956927509066	0.9942125756060447
0.32601316371633265	-0.0003333868992462011	0.9935239730467175
0.3314717091434202	-0.00037509829012653904	0.9928558640307509
0.3370216487885815	-0.0004193693911040929	0.9922185092455214
0.34266451289521344	-0.00046609807366929193	0.99162164454234
0.3484018573280807	-0.0005151149870526046	0.9910743460436195
0.3542352640023025	-0.0005661851289830435	0.9905849071700938
0.360166341319522	-0.0006190103735327054	0.9901607288583398
0.3661967246113794	-0.0006732328883844492	0.9898082239401491
0.3723280765904092	-0.0007284393672625986	0.9895327363776805
0.37856208780848766	-0.00078416599922405	0.9893384757985983
0.3849004771229564	-0.0008399040946413373	0.9892284675585634
0.39134499217054947	-0.0008951062875709222	0.9892045183765732
0.3978974098492567	-0.0009491932352988311	0.9892671974412738
0.40455953680825424	-0.0010015607376920226	0.9894158327714369
0.4113332099460384	-0.0010515872010775727	0.9896485225269598
0.4182202969169002	-0.0010986413732864493	0.9899621609022317
0.4252226966458796	-0.0011420902778617361	0.990352478185395
0.43234233985234166	-0.001181307275956288	0.9908140945271825
0.43958118958231995	-0.0012156801839373467	0.9913405869247032
0.44694124174977196	-0.0012446193730921223	0.9919245688815275
0.45442452568689795	-0.0012675657751094313	0.9925577821493098
0.4620331047036734	-0.0012839987133411162	0.9932311998824954
0.46976907665675	-0.001293443475464046	0.9939351404425066
0.47763457452788205	-0.0012954785384236092	0.9946593909684115
0.4856317670120378	-0.0012897423518781327	0.9953933396872832
0.49376285911535706	-0.0012759395822927895	0.996126115770485
0.5020300927631216	-0.001253846716910657	0.9968467353555351
0.5104357474179038	-0.0012233169256394608	0.997544252153166
0.5189821407080667	-0.001184284080002324	0.9982079108531351
0.5276716290667853	-0.0011367658322322556	0.9988273013400422
0.5365066083817696	-0.0010808656647766385	0.9993925115430256
0.5454895146558632	-0.0010167738312305613	0.9998942765826382
0.5546228246787057	-0.0009447671241856673	1.000324121756606
0.5639090567096384	-0.0008652074236295168	1.0006744968358519
0.5733507711720458	-0.0007785390011072407	1.0009388991332089
0.5829505713593212	-0.0006852845794007884	1.0011119828688393
0.5927111041526542	-0.000586040174311267	1.0011896524941617
0.602635060750835	-0.00048146877337520744	1.001169137852577
0.6127251774122786	-0.00037229293498066204	1.0010490493491822
0.622984236209473	-0.00025928641923886293	1.0008294116676857
0.633415065796059	-0.000143264987934324	1.000511675000763
0.6440205421867543	-2.5076533769873023e-5	1.000098703237729
0.6548035895503349	9.440928211632073e-5	0.9995947390632363
0.6657671810158946	0.0002143116916442758	0.9990053464448119
0.6769143394926037	0.0003337495795280583	0.9983373315047595
0.6882481385031933	0.00045185213852033776	0.9975986432638835
0.6997717030313945	0.000567769221651132	0.9967982561910051
0.7114882103835666	0.0006806812031487596	0.9959460368773567
0.7234008910647527	0.0007898081754226166	0.9950525974646436
0.7355130296694024	0.0008944183299236361	0.9941291386808394
0.7478279657870083	0.0009938353939271183	0.9931872854730873
0.7603490949229064	0.0010874450222149719	0.9922389182724443
0.7730798694344929	0.0011747000711061443	0.9912960028837773
0.7860237994831178	0.0012551247111317757	0.9903704218741656
0.7991844540019145	0.0013283173627755196	0.9894738101451831
0.8125654616798357	0.0013939524661202316	0.9886173971318364
0.8261705119621644	0.0014517811191440604	0.9878118577882614
0.8400033560677773	0.0015016306401722855	0.9870671742126442
0.8540678080234401	0.0015434031272005203	0.9863925094459502
0.8683677457154206	0.0015770731002567192	0.9857960946641681
0.8829071119587102	0.0016026843226514306	0.9852851306838883
0.897689915584145	0.0016203459030397858	0.984865704425115
0.9127202325437328	0.001630227782989158	0.984542720730373
0.9280022070344834	0.0016325557146224736	0.9843198497296004
0.9435400526410578	0.0016276058303749384	0.9841994897672832
0.9593380534975483	0.0016156989024805092	0.9841827457716475
0.9754005654687108	0.0015971943840225504	0.9842694228418831
0.9917320173509745	0.001572484316746479	0.9844580347541909
1.0083369120935615	0.0015419871838026956	0.9847458270344954
1.0252198280400509	0.001506141778565729	0.9851288142083713
1.042385420190731	0.0014654011539891704	0.98560183080894
1.059838421486089	0.0014202267108503544	0.9861585956943028
1.0775836441117874	0.0013710824778758453	0.9867917891895065
1.0956259808254938	0.0013184296321997267	0.9874931425178105
1.1139704063059233	0.001262721304888896	0.9882535389164856
1.13262197852447	0.0012043977132997093	0.9890631257391153
1.1515858401398036	0.0011438816596741589	0.9899114367272873
1.1708672199158159	0.0010815744334479163	0.9907875234884733
1.1904714341633096	0.0010178521530012975	0.9916800950459278
1.210403888205824	0.0009530625807805282	0.9925776641338628
1.230670077870005	0.0008875224435892607	0.9934686987030684
1.2512755910009286	0.0008215152871417942	0.994341776886592
1.2722261090027949	0.0007552898904472871	0.9951857434618862
1.2935274084054198	0.0006890592610720281	0.9959898656464639
1.3151853624569547	0.0006230002266662125	0.9967439858905398
1.3372059427432723	0.000557253631284257	0.9974386691956535
1.3595952208344684	0.0004919251369890156	0.9980653424043552
1.3823593699589298	0.00042708662211450794	0.9986164228842946
1.4055046667054334	0.0003627781575615207	0.9990854340791029
1.429037492753742	0.0002990105318875962	0.9994671055246646
1.4529643366341776	0.00023576828507249363	0.999757455135334
1.4772917955166562	0.00017301320008908112	0.999953851849389
1.5020265770296748	0.00011068819121878632	1.000055057080871
1.5271755011097565	4.872151885372264e-5	1.0000612438470078
1.552745501881861	-1.2968747259058144e-5	0.9999739929129207
1.5787436295712778	-7.44701003888694e-5	0.9997962658022677
1.605177052447534	-0.00013587089281276302	0.9995323550450926
1.6320530588008455	-0.00019725564511545015	0.9991878125525662
1.659379058951665	-0.0002587004578179427	0.9987693575023986
1.6871625872938725	-0.00032026861136168525	0.9982847655700104
1.7154113043721788	-0.00038200643529330563	0.9977427417320078
1.744132998994309	-0.0004439395203701145	0.9971527791870541
1.7733355903785537	-0.0005060693385654053	0.9965250071753826
1.8030271303372745	-0.0005683703259889323	0.9958700306264096
1.833215805496971	-0.0006307874729839494	0.9951987646241727
1.8639099395555179	-0.0006932344545571076	0.994522266655343
1.8951179955771962	-0.0007555923232686241	0.99385156950259
1.9268485783261498	-0.0008177087761402341	0.9931975174767648
1.959110436638914	-0.0008793979973515947	0.9925706084581296
1.9919124658366667	-0.0009404410697407589	0.9919808439532461
2.025263710177868	-0.001000586940565897	0.9914375890851553
2.0591733653519664	-0.001059553920702145	0.9909494441339515
2.093650781014859	-0.0011170316914355688	0.9905241289456458
2.1287054633667983	-0.0011726837891941199	0.9901683812411214
2.1643470777734715	-0.0012261505357809266	0.989887869591925
2.200585451430955	-0.0012770523797520773	0.9896871215932869
2.237430576075295	-0.0013249936132821271	0.9895694675600577
2.274892610737455	-0.0013695664279376799	0.9895369999004431
2.312981884544389	-0.001410355271984605	0.989590548183945
2.351708899567015	-0.0014469414709501658	0.9897296698113979
2.3910843337158707	-0.001478908071940077	0.9899526561113307
2.431119043685257	-0.0015058448704988706	0.9902565536223845
2.471824067946671	-0.0015273535764825153	0.9906372002691604
2.5132106297923618	-0.0015430530724175227	0.9910892760911852
2.555290140429845	-0.001552584714155852	0.9916063681346009
2.59807420212823	-0.0015556176193655133	0.9921810490560676
2.641574611417227	-0.0015518538846652555	0.9928049689126783
2.6858033623397155	-0.0015410336672235414	0.9934689595144628
2.7307726497587725	-0.0015229400616722343	0.9941631505944781
2.776494872720071	-0.0014974036985620834	0.9948770969030497
2.822982637870577	-0.0014643069866851167	0.9955999151581101
2.8702487629344833	-0.0014235879188139186	0.9963204295849802
2.9183062802473487	-0.0013752433591724788	0.9970273245610892
2.9671684403494045	-0.001319331731661708	0.9977093026513414
3.016848715639026	-0.0012559750308776016	0.9983552460866456
3.0673608040873774	-0.0011853600835796203	0.9989543795132347
3.118718633015253	-0.0011077389966963533	0.9994964316353036
3.1709363629331486	-0.0010234287392815505	0.9999717932020135
3.224028391445638	-0.0009328098200012706	1.0003716686645396
3.278009357221114	-0.0008363240385353351	1.0006882187624755
3.3328941440280007	-0.0007344713083405543	1.0009146913018783
3.3886978848385425	-0.0006278055690235126	1.0010455374683223
3.4454359660013067	-0.0005169298284326918	1.0010765111822133
3.503124031483545	-0.00040249039671829345	1.0010047492519007
3.561777987184589	-0.00028517039615399997	1.000828830409714
3.621414005321465	-0.00016568265056932498	1.0005488117196717
3.682048528887938	-4.4762075921823444e-5	1.000166241311638
3.743698276188215	7.68422919630038e-5	0.9996841469099854
3.8063802454465594	0.00019837548582454025	0.9991070001668698
3.870111719494084	0.000319084858662778	0.998440657360931
3.9349102705340155	0.00043822824422831187	0.9976922775602853
4.00079376498675	0.000555081875054443	0.9968702198534793
4.067780368416024	0.0006689479146234138	0.9959839217045515
4.135888550537571	0.0007791614723600352	0.9950437608722387
4.2051370903116405	0.0008850969859381852	0.9940609036359638
4.275545081120777	0.00098617387414092	0.9930471422845145
4.3471319360342955	0.0010818613843983724	0.9920147249434366
4.419917393160908	0.0011716825812385302	0.9909761808452273
4.493921521090956	0.001255217444324983	0.9899441440881077
4.569164724429781	0.0013321050666629697	0.9889311787928005
4.645667749423726	0.0014020449641633952	0.9879496083656311
4.723451689680354	0.0014647975264168956	0.987011351323245
4.802537991984417	0.0015201836547504102	0.986127765845642
4.882948462211228	0.0015680836470745192	0.9853095049144773
4.964705271339032	0.001608435399503572	0.9845663835780236
5.047830961562035	0.001641232002212436	0.9839072595752025
5.1323484525058065	0.0016665188115886145	0.9833399282606654
5.2182810475467285	0.0016843900826637374	0.9828710325084351
5.305652440237266	0.0016949852453683847	0.9825059880406515
5.394486720838807	0.0016984849057089235	0.9822489244323264
5.484808382963901	0.0016951066489127597	0.9821026418845404
5.576642330329687	0.0016851007163315706	0.9820685837350479
5.67001388362442	0.0016687456218238256	0.982146824583263
5.764948787488949	0.001646343766822303	0.9823360738406507
5.861473217615098	0.0016182171066499934	0.9826336944710209
5.95961378796289	0.0015847029141506776	0.9830357366505705
6.05939755809862	0.0015461496805618021	0.9835369860466839
6.160852040655785	0.0015029131879347613	0.9841310263796942
6.264005208920935	0.001455352782398346	0.9848103158852165
6.368885504546541	0.0014038278732110235	0.9855662772299607
6.475521845392999	0.0013486946788493451	0.9863894003451162
6.583943633501933	0.0012903032382855426	0.9872693575251023
6.694180763203005	0.0012289947030311183	0.9881951299930144
6.806263629356452	0.0011650989233518256	0.9891551449581427
6.9202231357336315	0.0010989323401603141	0.9901374219873751
7.036090703537894	0.0010307961923229619	0.9911297272861208
7.153898280068112	0.0009609750473329392	0.992119734242934
7.273678347527269	0.0008897356613683851	0.9930951883441492
7.395463931978537	0.000817326172553143	0.9940440743224873
7.51928861245131	0.0007439756286766941	0.9949547831790526
7.645186530199688	0.0006698938476488556	0.9958162765252492
7.773192398116004	0.0005952716055411852	0.9966182455437064
7.903341510301937	0.0005202811432194328	0.997351261778143
8.035669751799901	0.0004450769783592854	0.9980069169430483
8.170213608487353	0.0003697970051620185	0.998577949003773
8.307010177136776	0.00029456385948157485	0.999058351922063
8.446097175644095	0.00021948652250274026	0.9994434666931826
8.587512953428346	0.0001446621317531301	0.9997300516158623
8.731296502005476	7.017796427535999e-5	0.9999163301288678
8.87748746573919	-3.886446588089813e-6	1.000002015006221
9.026126152771784	-7.745710197334253e-5	0.9999883082127008
9.177253546138015	-0.0001504632787649779	0.9998778762631675
9.330911315065048	-0.00022283526506606738	0.9996748014839707
9.487141826461592	-0.0002945021333424545	0.99938451012035
9.645988156599422	-0.0003653895934668362	0.9990136787501277
9.807494102990471	-0.00043541796568123616	0.9985701209309972
9.971704196462795	-0.0005045003104297354	0.9980626564105942
10.13866371343872	-0.0005725407482248553	0.9975009655517031
10.308418688418575	-0.0006394329983710337	0.9968954318608185
10.481015926673443	-0.0007050591606594149	0.9962569756530321
10.656503017150426	-0.0007692887592637648	0.9955968819398724
10.834928345593987	-0.0008319780631898055	0.9949266255944091
11.016341107886998	-0.000892969692927147	0.9942576967380032
11.200791323615146	-0.0009520925185623064	0.9936014291171098
11.38832984985846	-0.001009161850639941	0.9929688340099383
11.57900839521376	-0.0010639799215718068	0.9923704419362982
11.772879534051876	-0.001116336652418708	0.9918161541544412
11.969996721013588	-0.0011660106973965959	0.9913151056301897
12.170414305748277	-0.0012127707564380612	0.9908755408689712
12.374187547899343	-0.001256377144497322	0.9905047037213992
12.581372632340539	-0.0012965836049203586	0.9902087420159391
12.792026684667404	-0.0013331393529953097	0.9899926276442998
13.006207786948076	-0.0013657913346265737	0.9898600925291892
13.223974993737828	-0.0013942866838153893	0.9898135807412792
13.44538834836174	-0.001418375361162391	0.9898542169005271
13.670508899469995	-0.0014378129538319413	0.9899817908931932
13.899398717870366	-0.0014523636152566737	0.9901947588543342
14.13212091364254	-0.001461803120259902	0.990490260299956
14.368739653538984	-0.0014659220082199823	0.9908641512357746
14.609320178677171	-0.0014645287834134872	0.9913110530130579
14.853928822528019	-0.0014574531378175784	0.9918244166385637
15.102633029205524	-0.0014445491575322972	0.9923966021677333
15.35550137206263	-0.001425698469750254	0.9930189727123504
15.612603572598438	-0.001400813283045371	0.9936820024700057
15.874010519681994	-0.0013698392699017948	0.994375398030967
16.139794289097956	-0.0013327582371162323	0.9950882320357756
16.410028163419504	-0.0012895905272606162	0.9958090880466252
16.684786652213997	-0.0012403970930707406	0.9965262152598195
16.964145512586946	-0.0011852811867105327	0.997227691432008
17.248181770069944	-0.0011243896075999848	0.9979015921276929
17.536973739858354	-0.0010579134561003655	0.9985361641306182
17.830601048404553	-0.0009860883459643784	0.9991200006093761
18.129144655372762	-0.0009091940361498212	0.9996422154020058
18.432686875961437	-0.0008275534523291184	1.0000926135995603
18.741311403599415	-0.0007415310800654002	1.0004618554794191
19.0551033330221	-0.0006515307249156759	1.0007416107773122
19.37414918373398	-0.0005579926492990394	1.0009247003052126
19.698536923864012	-0.0004613901113669892	1.0010052220266739
20.028355994420416	-0.00036222534678113726	1.0009786588973504
20.363697333951574	-0.0002610250496331454	1.0008419660653636
20.704653403619837	-0.00015833542309225522	1.000593635399623
21.05131821269515	-5.471688310985413e-5	1.0002337357641184
21.403787344475536	4.9261490935792644e-5	0.9997639279693705
21.762157982641543	0.00015302765690631087	0.9991874538901527
22.126528938051997	0.0002560123553394314	0.9985090998217542
22.49700067598838	0.00035765479163024535	0.9977351347325317
22.87367534385533	0.0004574081488424422	0.9968732246362869
23.25665679934504	0.0005547448302528856	0.9959323248322127
23.646050639073145	0.000649161339014934	0.9949225522239049
24.041964227694066	0.0007401827132867495	0.9938550403157528
24.444506727503892	0.0008273664483052791	0.9927417797836351
24.853789128538864	0.00091030585160684	0.99159544772005
25.269924279177836	0.00098863279326385	0.9904292287591919
25.693026917257125	0.001062019828980095	0.989256631298674
26.1232137017063	0.0011301816895446105	0.9880913019574133
26.56060324471369	0.0011928761449271385	0.9869468412554309
27.00531614443043	0.0012499042647338124	0.985836623283787
27.457475018222098	0.0013011101084562091	0.9847736218669317
27.917204536477062	0.0013463798886833682	0.983770245421411
28.38463145698095	0.001385640658060498	0.9828381823997804
28.859884659866594	0.001418858576233226	0.9819882588914933
29.34309518314921	0.0014460368163784838	0.9812303096463328
29.834396258856508	0.0014672131723348326	0.9805730635012536
30.333923349763793	0.0014824574270195948	0.9800240439365251
30.841814186744074	0.0014918685410110692	0.9795894852668534
31.35820880674359	0.0014955717171646291	0.9792742647903844
31.883249591393145	0.0014937153932120366	0.979081851073114
32.41708130626593	0.0014864682097491676	0.9790142684355153
32.95985114079264	0.001474015996114169	0.9790720776280036
33.511708748844946	0.001456558811632474	0.9792543726255818
34.07280628999842	0.0014343080747610908	0.979558793432651
34.64329847148635	0.0014074838079609624	0.9799815547579777
35.223342590856014	0.0013763120217887004	0.9805174903888297
35.8130985793392	0.0013410222578042312	0.981160113053776
36.41272904594877	0.0013018453064825093	0.9819016895076798
37.02239932231371	0.0012590111134011346	0.9827333304931463
37.642277508264705	0.0012127468845253315	0.9836450951244524
38.27253451818312	0.0011632753993772442	0.9846261090990792
38.913344128125914	0.001110813539184131	0.9856646959667418
39.56488302373961	0.0010555710356635847	0.9867485204768108
40.227330848976514	0.0009977494448280544	0.987864742785784
40.900870255626614	0.0009375413489763285	0.9890001820426002
41.58568695367876	0.0008751297887936789	0.990141487589781
42.28196976252512	0.0008106879261178115	0.9912753157335605
42.989910663022954	0.0007443789363776636	0.9923885097589701
43.709704850428	0.0006763561279222667	0.9934682806110041
44.44155078821428	0.000606763283404099	0.9945023854454238
45.185650262794894	0.0005357352160598165	0.99547930108744
45.94220843915911	0.0004633985311691657	0.9963883893378692
46.71143391744096	0.00038987258021750076	0.9972200510461352
47.49353879043501	0.00031527059241403534	0.9979658659368957
48.2887387020751	0.0002397009653175308	0.9986187153378666
49.097252906892265	0.00016326869349895872	0.9991728852112387
49.919304330468115	8.607691153808244e-5	0.9996241472365736
50.755119630900474	8.228525317140407e-6	0.9999698161206596
51.60492926129809	-7.017209635902026e-5	1.0002087818063505
52.46896753332177	-0.00014901739923828966	1.0003415158010798
53.347472681789405	-0.00022819492051927322	1.0003700514263318
54.24068693036262	-0.00030758559582616155	1.0002979383799775
55.14885655833334	-0.00038706212665669823	1.0001301725814091
56.07223196852853	-0.0004664874378824504	0.9998731028129215
57.01106775635187	-0.0005457132535556156	0.999534316160097
57.9656227799815	-0.0006245788175193025	0.9991225046719776
58.93616023174299	-0.0007029097832214439	0.9986473159962653
59.92294771067743	-0.0007805172947975197	0.9981191909872694
60.9262572963245	-0.0008571972790205795	0.9975491914316014
61.94636562374095	-0.0009327299652154401	0.9969488210904217
62.98355395977508	-0.001006879647786113	0.996329843222838
64.03810828061837	-0.0010793947036766955	0.9957040976426644
65.1103193506556	-0.0011500078749215647	0.9950833201823904
66.20048280263502	-0.001218436824457642	0.9944789672081359
67.30889921918111	-0.0012843849715597018	0.9939020475626933
68.43587421567189	-0.001347542611582952	0.9933629640255662
69.58171852450396	-0.001407588323093119	0.9928713660834952
70.74674808076846	-0.0014641906638526519	0.992436015514696
71.93128410936148	-0.0015170101554124323	0.9920646660155932
73.13565321355303	-0.0015657015541250552	0.9917639578481644
74.36018746503885	-0.001609916404136178	0.9915393282642756
75.60522449550011	-0.001649305865215832	0.9913949382735832
76.87110758969605	-0.0016835238050657464	0.9913336161633914
78.15818578011536	-0.0017122301419004859	0.9913568180503862
79.46681394321224	-0.001735094418597286	0.9914646056409004
80.7973528972539	-0.001751799584519087	0.9916556412926153
82.1501695018062	-0.0017620459552565183	0.991927200399074
83.52563675888521	-0.0017655553140699118	0.9922752010514247
84.92413391580216	-0.0017620751118559038	0.9926942508610952
86.34604656973053	-0.0017513827151813765	0.993177710744807
87.79176677402386	-0.0017332896445418264	0.9937177753722783
89.26169314631372	-0.0017076457377872849	0.9943055698506713
90.75623097841749	-0.00167434316693868	0.994931262064271
92.27579234808658	-0.0016333202307570469	0.9955841898998531
93.82079623262543	-0.0015845648408167334	0.996253002367802
95.391668624413	-0.0015281176158774567	0.996925813378288
96.98884264835857	-0.0014640744984426538	0.9975903666557825
98.61275868132394	-0.0013925888088950227	0.9982342099812755
100.26386447354524	-0.0013138726568202334	0.9988448766502712
101.94261527208786	-0.0012281976362825734	0.9994100717383163
103.6494739463682	-0.0011358947420117343	0.9999178604886928
105.38491111577731	-0.0010373534566679558	1.000356855894423
107.14940527944115	-0.000933019975398722	1.00071640235469
108.94344294815369	-0.0008233945524413181	1.0009867521589637
110.76751877851878	-0.0007090279750661726	1.001159231504117
112.62213570933821	-0.0005905171920446429	1.0012263927912588
114.50780510028326	-0.00046850014629018765	1.001182150086945
116.42504687288802	-0.0003436498834962855	1.0010218948709149
118.37438965390352	-0.00021666802956627862	1.0007425895269946
120.35637092105203	-8.827774848872104e-5	1.0003428364586577
122.37153715122182	4.078369179557992e-5	0.9998229212135189
124.420443971143	0.0001697726058028681	0.999184828565239
126.50365631058654	0.0002979466815647938	0.9984322311068695
128.62174855812793	0.00042457272548692093	0.9975704505338148
130.77530471951923	0.0005489342117717946	0.9966063924132592
132.96491857871246	0.0006703384935436655	0.9955484558267735
135.1911938615793	0.0007881235436387897	0.9944064198113424
137.454744402372	0.0009016641077918855	0.993191308992413
139.75619431297102	0.0010103771709660723	0.9919152411854485
142.09617815496705	0.0011137266580214932	0.9905912600291735
144.4753411146238	0.0012112273118999992	0.9892331558991119
146.89433918077043	0.0013024477150999092	0.9878552784339186
149.3538393256723	0.0013870124425346476	0.9864723439936313
151.85451968893054	0.001464603355097282	0.985099241267968
154.39706976446007	0.0015349600626880435	0.9837508380758967
156.98219059059895	0.0015978796025438288	0.9824417921601052
159.61059494340017	0.001653215393033514	0.9811863684977826
162.28300753316017	0.0017008755344090484	0.9799982653391762
165.0001652042379	0.0017408205362413568	0.9788904508632833
167.7628171382192	0.0017730605564764493	0.9778750120209652
170.57172506048317	0.001797652239393143	0.9769630168320406
173.42766345022707	0.0018146952394981874	0.9761643911246578
176.33141975400756	0.0018243285158939804	0.9754878104599698
179.28379460285748	0.001826726477278129	0.9749406077771432
182.28560203303797	0.0018220950518798731	0.9745286971247668
185.33766971048647	0.0018106677497014727	0.9742565137137784
188.44083915902294	0.0017927017767865672	0.9741269704307124
191.59596599237693	0.0017684742532239279	0.9741414308831108
194.80392015009954	0.001738278578512074	0.9742996990042461
198.06558613742538	0.0017024209800083824	0.9746000252139523
201.3818632691506	0.0016612172726666193	0.975039129107186
204.75366591759416	0.001614989851279392	0.9756122386132128
208.181923764711	0.00156406493009295	0.9763131455268829
211.66758205842615	0.0015087700390125536	0.9771342772512127
215.2116018732611	0.0014494317806928712	0.9780667845003226
218.81496037532338	0.0013863738486047683	0.9791006445882934
222.47865109173364	0.0013199153026554572	0.9802247797688363
226.20368418456317	0.0012503690960646396	0.9814271898920639
229.9910867293585	0.001178040844900181	0.982695098408909
233.84190299832912	0.0011032278298820956	0.984015110485477
237.75719474827707	0.0010262182186963826	0.9853733816954153
241.73804151334699	0.0009472904960457048	0.9867557954484069
245.78554090267818	0.0008667130879294779	0.9881481469987392
249.90080890304003	0.0007847441661269784	0.9895363315744935
254.08498018653484	0.0007016316184958431	0.9909065338903407
258.3392084234524	0.000617613170449436	0.9922454160718771
262.66466660036286	0.000532916642803157	0.9935403008425604
267.0625473435356	0.000447760331058032	0.9947793467205925
271.53406324777325	0.00036235349110543767	0.9959517119544656
276.0804472107512	0.00027689691628491654	0.9970477040016213
280.7029527729554	0.00019158359071124248	0.9980589115294972
285.4028544633117	0.00010659940381566644	0.9989783161922251
290.18144815060214	2.2123911132951423e-5	0.9998003818045664
295.04005140076515	-6.166887347627573e-5	1.0005211189873267
299.9800038401784	-0.00014460966873598252	1.0011381238810697
305.00266752502364	-0.00022653311422921515	1.001650590098631
310.10942731683633	-0.00030727696983103974	1.0020592936910275
315.3016912643435	-0.00038668133955719133	1.0023665515122708
320.58089099169405	-0.0004645879324543231	1.0025761539634768
325.94848209319014	-0.0005408393724430192	1.0026932736532996
331.40594453462705	-0.000615278568243404	1.0027243520105058
336.9547830613534	-0.0006877481536843098	1.002676966308783
342.596527613163	-0.0007580900078427206	1.0025596799024503
348.332733746134	-0.0008261448636013664	1.0023818787164918
354.1649830615306	-0.000891752012368815	1.0021535971838995
360.09488364188627	-0.0009547491118931394	1.0018853368793819
366.12407049438815	-0.001014972103327481	1.0015878810682628
372.2542060016855	-0.0010722552429765593	1.0012721082827145
378.48698038024594	-0.0011264312534624388	1.0009488078671638
384.8241121463866	-0.0011773315983838377	1.0006285002150153
391.2673485901071	-0.0012247868838846402	1.0003212641650192
397.81846625685733	-0.0012686273898669842	1.00003657375184
404.47927143737087	-0.0013086837328483922	0.9997831462258061
411.2516006657	-0.0013447876616317583	0.9995688029826671
418.1373212255896	-0.0013767729859913969	0.9994003447856096
425.1383316653292	-0.0014044766374344648	0.9992834424252514
432.2565623212257	-0.0014277398597356582	0.9992225437535681
439.4939758498406	-0.0014464095253276894	0.9992207978462591
446.85256776913826	-0.001460339571732553	0.999279996893917
454.33436700869566	-0.0014693925500208508	0.9994005362927622
461.94143646912374	-0.0014734412747829187	0.9995813932952144
469.6758735908554	-0.0014723705622984571	0.9998201244829921
477.53981093245756	-0.0014660790405303342	1.0001128822331071
485.5354167586251	-0.0014544810112945687	1.0004544502517225
493.66489563802065	-0.0014375083415477654	1.0008382981446688
501.93048905112363	-0.0014151123572817095	1.0012566548682338
510.33447600825747	-0.0013872657101461753	1.0017006007534155
518.8791736779622	-0.0013539641837766877	1.0021601776156297
527.5669380258928	-0.001315228404047027	1.0026245162468748
536.4001644644102	-0.0012711054152707573	1.0030819803374336
545.381288513051	-0.001221670082923081	1.0035203255911982
554.5127864700548	-0.0011670262829220556	1.0039268724873933
563.7971760951357	-0.001107307838061563	1.0042886908092343
573.237017303685	-0.001042679163966813	1.0045927937174821
582.8349128725981	-0.0009733355900500808	1.0048263388071212
592.5935091579183	-0.0008995033254330856	1.0049768332634628
602.515496824497	-0.0008214390456677798	1.0050323399467698
612.6036115878702	-0.0007394290832558861	1.0049816809989036
622.8606349685576	-0.0006537882132936721	1.0048146353986294
633.28939505899	-0.0005648580348337149	1.0045221268089852
643.892767303278	-0.00047300495847224326	1.004096398073458
654.6736752900373	-0.00037861782089342413	1.0035311688361541
665.6350915584873	-0.0002821051572405939	1.0028217729893862
676.7800384180473	-0.00018389217182431664	1.0019652729887691
688.1115887816559	-8.441745640188826e-5	1.0009605485150026
699.6328670130413	1.5870487321508358e-5	0.9998083574905201
711.3470497881796	0.00011651685856026559	0.9985113680613933
723.2573669711754	0.0002170642354488342	0.9970741608087144
735.3671025048088	0.00031705625223696365	0.9955032011347131
747.6795953159915	0.0004160412082510971	0.9938067824510163
760.1982402363847	0.0005135755438970027	0.9919949414532254
772.9264889384307	0.0006092271237528444	0.9900793473725366
785.8678508870566	0.0007025782734247135	0.9880731676292624
799.0258943073131	0.0007932285250040132	0.9859909127569167
812.4042471682139	0.0008807970353103672	0.9838482638057799
826.0065981830494	0.0009649246512176101	0.9816618856643584
839.8366978264472	0.0010452756068203594	0.9794492298539209
853.898359368463	0.0011215388475907643	0.9772283303591942
868.195459925985	0.001193428986613778	0.9750175959659442
882.7319415317422	0.0012606869071387864	0.9728356023962382
897.5118122212116	0.0013230800337691402	0.9707008872805117
912.5391471377242	0.0013804023014229849	0.9686317506996086
927.8180896560734	0.0014324738566031227	0.9666460636883916
943.3528525249371	0.001479140529445999	0.96476108673312
959.1477190284274	0.0015202731174784859	0.9629932999347295
975.2070441670884	0.0015557665230511066	0.9613582461641705
991.5352558586678	0.0015855387861356156	0.9598703882163429
1008.1368561589943	0.00160953005270697	0.9585429806856197
1025.0164225032947	0.0016277015164281358	0.9573879570445056
1042.1786089682969	0.0016400343679880498	0.9564158322114757
1059.6281475554636	0.0016465287823771509	0.9556356207443971
1077.3698494957105	0.001647202969787668	0.9550547706903586
1095.4086065759732	0.0016420923108531745	0.9546791130565395
1113.7493924879811	0.0016312485917400418	0.9545128268335287
1132.3972641996172	0.0016147393493039066	0.954558419494201
1151.3573633492383	0.0015926473312471525	0.9548167228992427
1170.6349176633396	0.0015650700710676665	0.9552869045543368
1190.2352423979573	0.0015321195726729572	0.9559664941749627
1210.1637418042048	0.0014939220949409763	0.9568514255122341
1230.4259106183458	0.0014506180223257156	0.9579360933693182
1251.0273355768172	0.0014023618039168664	0.9592134256839081
1271.9736969566177	0.001349321940248832	0.9606749704632259
1293.270770141489	0.0012916809946937546	0.9623109972283385
1314.9244272143192	0.001229635604537799	0.9641106124537687
1336.9406385762068	0.0011633964658953767	0.966061888276099
1359.3254745926367	0.0010931882665140564	0.9681520034954985
1382.0851072672162	0.0010192495413008664	0.9703673956132925
1405.2258119434346	0.0009418324270714002	0.9726939223453182
1428.7539690349176	0.0008612022955745178	0.9751170307375402
1452.676065784651	0.000777637247232558	0.9776219316999935
1476.9986980536594	0.0006914274521805214	0.9801937774837948
1501.7285721396338	0.0006028743299723617	0.9828178393692867
1526.8725066260095	0.0005122895645972531	0.9854796826274529
1552.4374342620022	0.0004199939570312448	0.9881653356766726
1578.4304038741243	0.00032631612323144	0.9908614502950874
1604.858582309704	0.00023159105103608702	0.9935554497752241
1631.7292564129473	0.00013615853463324053	0.9962356620279937
1659.049835034085	4.036150987843272e-5	0.9988914348590292
1686.8278510721593	-5.545568242788731e-5	1.0015132309482566
1715.0709635520147	-0.00015094907532349087	1.0040927004556803
1743.7869597360623	-0.00024577686477292754	1.0066227296398031
1772.9837572714048	-0.00033960117670481785	1.0090974643941748
1802.6694063729092	-0.00043208978023869183	1.0115123081625947
1832.852092042833	-0.0005229177171052789	1.013863894264301
1863.5401363276137	-0.0006117688201047303	1.016150033225633
1894.7420006124441	-0.0006983370972269454	1.0183696362540047
1926.4662879542675	-0.0007823279625987911	1.0205226164849266
1958.7217454538331	-0.0008634593005161291	1.0226097700686811
1991.5172666674705	-0.0009414623542405772	1.0246326395275356
2024.8618940592416	-0.0010160824367627483	1.0265933621007708
2058.7648214941537	-0.0010870794661367558	1.0284945059994284
2093.2353967731133	-0.0011542283330736596	1.0303388976170815
2128.283124210327	-0.0012173191130721202	1.032129442792019
2163.917667253854	-0.0012761571393228846	1.0338689451974266
2200.1488511500356	-0.0013305629558471184	1.0355599248603047
2236.98666565254	-0.0013803721727506319	1.0372044396879145
2274.4412677767605	-0.0014254352470659574	1.0388039127248705
2312.522984600332	-0.0014656172134124433	1.040358967686549
2351.242316110542	-0.0015007973886580924	1.0418692751253058
2390.6099380994115	-0.0015308690739644526	1.0433334113949597
2430.636705107252	-0.0015557392761011138	1.044748732392316
2471.3336534155073	-0.0015753284678040466	1.0461112638771768
2512.7120040897044	-0.001589570404302509	1.0474156100061087
2554.783166073354	-0.0015984120100354879	1.0486548815597783
2597.5587393336536	-0.0016018133461043684	1.0498206451961813
2641.0505180598593	-0.0015997476652456874	1.0509028949176578
2685.2704939152104	-0.001592201557138578	1.0518900467915664
2730.2308593433004	-0.0015791751827665336	1.0527689578054351
2775.9440109298084	-0.0015606825924149163	1.05352496955875
2822.422552820517	-0.0015367521177890183	1.0541419772868001
2869.67930019656	-0.001507426824771658	1.0546025244697275
2917.7272828078553	-0.0014727650095983798	1.0548879229953163
2966.579748565702	-0.001432840717813	1.0549783985126535
3016.250167195527	-0.0013877442623819241	1.0548532602337524
3066.752233950792	-0.0013375827149017972	1.0544910940123866
3118.0998733890824	-0.0012824803420410896	1.0538699770589852
3170.307243211424	-0.0012225789583189851	1.0529677121456198
3223.3887381658787	-0.0011580381661397189	1.051762078628816
3277.3589940165	-0.001089035454748555	1.0502310970865352
3332.232891578744	-0.001015766131512735	1.0483533038489625
3388.0255608224447	-0.0009384430616829968	1.046108031223556
3444.75238504349	-0.0008572961965466219	1.0434756887969188
3502.429005105338	-0.0007725718745859901	1.040438040864886
3561.0713237515615	-0.0006845318858057338	1.0369784748208737
3620.695509990588	-0.0005934522956375217	1.0330822552422676
3681.3180035538608	-0.0004996220315800124	1.0287367584724434
3742.955519428645	-0.0004033412427497194	1.0239316827130103
3805.625052466724	-0.0003049194495430894	1.0186592290209653
3869.3438820702645	-0.00020467350736086263	1.012914249145565
3934.1295769561357	-0.0001029254145393638	1.0066943568276292
4000.000000000001	1.4832034140505573e-18	1.0
