0.6303871159080313
-0.8858935452745473
0.26880283467021276
-0.36922488977238815
0.19189504473239827
-0.47329052449431686
0.39245052625903853
-0.29093633657048534
-0.6319113133956619
1.1092499031781897
-0.2628273644631108
-0.2271323314345506
0.044081723605893595
0.18003323613479494
-0.27525160203642907
-0.386890343191795
1.0619332749034651
-0.884801787519525
0.4917577598937111
0.26907672265132243
-0.11333819007433953
-1.0977538642319378
-0.07879726678356822
0.2435390850242167
-0.9996291166155629
1.0077624005417583
-1.0233107687760439
0.3287960360063403
-0.6480158155914714
0.003700862698139509
0.147089773060352
-1.0837771487388332
1.361936479381945
-0.23740112338488195
-0.18829633265412776
0.21436212610398697
0.553421516248838
-0.7820876766625787
-0.45291128251193125
-0.5617581783819658
2.3579552847425815
-0.6617556722194611
-0.01854328124366829
-0.05345559168752679
0.3645091705434275
0.33167098510294485
-0.22191196686791317
-0.17623259111934642
0.20868022908385042
0.13644931520898984
0.6342654501065844
-0.3870861750003375
0.4625187617463813
-0.23138484103478432
0.1315856133867896
-0.3361920550461243
-0.36314937853436047
0.15144094635228744
-0.25869285842308315
0.04062996627494725
0.18852675675504116
-0.275757644686955
0.08765507569340128
0.013880204491128686
0.05408330856802083
-0.5349752912045477
0.06821452208105284
-0.06222454756682671
-0.010885770806382226
0.05078332130084317
-0.42691921712443565
-0.647128933673016
0.4838905286052948
0.18595724252098747
-0.2707025309133553
0.07735381885003358
-0.3118574484743315
0.16742691852151506
-0.1979619573540331
-0.07997086151935777
0.2848343824618588
0.5318542291423035
-2.115262623953156
0.29585034859598325
0.22101439985853966
-0.4490476373245001
0.24113792622332947
-0.2086406692670127
-0.9458414569605168
0.4536215417083158
0.04941061249778685
-0.42418902831695254
-0.9702276152949403
0.7573962384385604
-0.1942565824198789
-0.1501481951836537
0.258824065518204
-0.36298301517670223
0.7594324268533509
0.10985154955410005
-0.7206402866664443
-0.1072912929803251
0.07360428603522072
0.007897910941880583
-0.21450024778183213
0.7818808698750186
-0.10671082214305773
0.23894293443705453
-0.4346848446486156
-0.5577265875393216
-0.0999682185921181
0.2333027609959613
0.08204551211696455
-0.2888012565094234
-0.08712813702080274
0.08832256551769892
0.08972958217723152
-0.06857375333870325
-0.062499412238776
-0.039933837141751846
-0.36709023295410986
-0.07659446611925227
0.20068931423152514
0.08596930726184145
-0.07929946595960495
-0.9042122996639768
0.5440191693446739
-0.34324265052121333
-0.5315532463976091
-0.8907751965058357
0.6488964172281716
0.09292872653935266
-0.07893913143170153
-0.10945853002809144
0.10027197480941963
0.1670468141714873
-0.836911800739558
0.101324490649321
0.017486339713050608
-0.001491281721635891
0.18004286491547014
-0.11893239744955349
-0.013495599447768396
-0.6370306514935085
1.2238128243643924
-0.6773461377504981
0.19704950314544634
-0.41297250600063584
-1.018622385818954
0.44536351896491233
0.23513845147546708
-0.46574808396434014
0.16555034661818152
0.44613423783816997
-0.7969311926490225
-0.5012256354362715
0.8938930652124522
0.4317613315981298
-0.434648318357456
-0.48994469645107586
0.2972514332302098
-0.26604983650214054
-0.5043786963508463
0.3124027599913762
-0.19958399841509375
-0.1475880376042094
0.06612466648679521
0.5300301171981023
-0.21125306313203962
0.1880393072892963
-0.8159571602941369
0.5088925651644687
-0.006587934580350079
-0.019008518289151517
-0.3731702130135364
-0.02020271410467867
1.7431951276356838
0.25873498271443834
-0.6676889162352388
-0.7256403061429684
0.9372256902702091
0.009751934808351334
0.11018902031215273
-0.13078214738979413
-0.7133392841336065
0.05434369272783367
0.375155519784209
-1.5566000570990095
-0.1125953464653639
-0.021362996120179414
-0.04545043554174745
0.21389043968566301
-0.5741495678692913
0.9663368669045025
0.09532750844054665
0.24672822424553964
-0.729960013072579
0.10268787811232702
0.10362124197076027
0.055648851366484176
0.2519302594096499
0.13248689869816047
-0.6526761804435394
0.8488505261271017
-0.07088109306514469
-0.004415279383279118
-0.042874745600099795
0.08761162814805269
0.5479945267604001
-0.686344355739756
-0.31076045418052917
0.20127314817401348
0.35153923012997346
0.33633781313646466
-0.3766993792805817
-0.8807259936459135
0.5582868928354041
-0.08505824139191179
1.093169449620224
-0.33295204789080624
0.17346535658166506
-1.3052629241994305
1.1740447426165885
-0.6689353774378607
0.0757468634845035
-0.01936310183934752
-0.45357178497182465
0.8274221233007429
0.06945314731039748
-0.36463369161855214
0.08102598156090926
0.024439029322387694
-0.041742366414534215
-0.3743878231834713
0.1490559486252116
-0.15216049246480817
0.00782777065276231
0.6043539254336112
-0.702163902200684
0.10877071630341467
-0.2509847958870948
0.08859126424627879
