5.500000000000000000e+00 1.212764874874762588e+00 2.845509262260847647e-02
7.250000000000000000e+00 1.077767294593629854e+00 3.440486012199545779e-02
7.500000000000000000e+00 1.103139674174687723e+00 2.168174547825309564e-02
7.750000000000000000e+00 1.076480611252078612e+00 3.003370264288142757e-02
1.050000000000000000e+01 1.023500530180194490e+00 2.531763216797967148e-02
1.350000000000000000e+01 9.533709469868465458e-01 2.297801464234347155e-02
1.650000000000000000e+01 9.732452740282584447e-01 1.120776108135432096e-02
2.000000000000000000e+01 9.086753354578308572e-01 2.050707205187194196e-02
2.625000000000000000e+01 9.525536238249230347e-01 1.122817313618890318e-02
2.725000000000000000e+01 1.005030723299450424e+00 1.825282935817643462e-02
3.200000000000000000e+01 8.955845951494577628e-01 1.771516463463462462e-02
3.400000000000000000e+01 8.687571455619316207e-01 1.657870209113852800e-02
4.425000000000000000e+01 9.272022312494242469e-01 1.949205576485827859e-02
4.550000000000000000e+01 9.314080383558016596e-01 1.242476137985462983e-02
4.750000000000000000e+01 8.999156594174974044e-01 3.274962422415757940e-02
4.825000000000000000e+01 8.951310454434718844e-01 1.572089700601651471e-02
5.200000000000000000e+01 9.483558804916559781e-01 2.204848122830428692e-02
5.375000000000000000e+01 8.742058330714493897e-01 2.531252779519678475e-02
5.500000000000000000e+01 8.859315835805492423e-01 1.372443370612292171e-02
5.525000000000000000e+01 8.737532278811572795e-01 1.000598499314590134e-02
5.550000000000000000e+01 8.607269822132974646e-01 1.845177365636441538e-02
5.600000000000000000e+01 8.279839439446143867e-01 1.697103986101657427e-02
5.775000000000000000e+01 8.282683583808040373e-01 3.020238879253289363e-02
5.950000000000000000e+01 8.320883551354657515e-01 3.034492360962112029e-02
6.250000000000000000e+01 7.940911840809564692e-01 2.096739074905659694e-02
6.375000000000000000e+01 8.309449438599170179e-01 1.105240089499304537e-02
6.475000000000000000e+01 7.804273384562698812e-01 1.621126621387375399e-02
6.675000000000000000e+01 7.787259153726134864e-01 1.373906002518008283e-02
6.925000000000000000e+01 7.254105073580920937e-01 1.789475800394579180e-02
7.300000000000000000e+01 7.408218103150979728e-01 3.171018107156806792e-02
7.525000000000000000e+01 7.539066435845415137e-01 9.616452838693438643e-03
7.600000000000000000e+01 7.378691014274695315e-01 1.384711413368271485e-02
7.625000000000000000e+01 7.841291374203246400e-01 2.165118408565506677e-02
8.475000000000000000e+01 6.856602894333233555e-01 2.263716996531407732e-02
8.675000000000000000e+01 6.778201702161282816e-01 2.168625411845578194e-02
8.725000000000000000e+01 6.853010337430103238e-01 2.176430766586694501e-02
8.825000000000000000e+01 6.829434822327853372e-01 1.451792233449355519e-02
8.900000000000000000e+01 6.553551741866210367e-01 1.512844787769098039e-02
9.100000000000000000e+01 6.709833553308061083e-01 1.207787234295641145e-02
9.200000000000000000e+01 6.792589116217374601e-01 2.535228449884287250e-02
9.250000000000000000e+01 7.759091404316715845e-01 3.116979484671229816e-02
9.475000000000000000e+01 6.781945864155460857e-01 8.987744446262256950e-03
9.775000000000000000e+01 6.902692957367777549e-01 1.193603180460342354e-02
1.090000000000000000e+02 7.158724663885429607e-01 1.680021119846129840e-02
1.145000000000000000e+02 7.987450462769490889e-01 3.243219026198639054e-02
1.162500000000000000e+02 8.055648275385061119e-01 1.331328535996411863e-02
1.170000000000000000e+02 8.021225615137584919e-01 9.671798194117715505e-03
1.172500000000000000e+02 8.039327381931350436e-01 1.308982933620667956e-02
1.182500000000000000e+02 8.214442772165209128e-01 1.874592702807090228e-02
1.252500000000000000e+02 9.287810921831016753e-01 1.398796245214040460e-02
1.300000000000000000e+02 9.712610450554379771e-01 3.399608838148386603e-02
1.327500000000000000e+02 8.959858834699693242e-01 1.345653629329328360e-02
1.330000000000000000e+02 9.035589211779826435e-01 1.016945628729309763e-02
1.337500000000000000e+02 8.816373995072013248e-01 1.213624251361457990e-02
1.397500000000000000e+02 8.516911026126509077e-01 1.114759746336440108e-02
1.437500000000000000e+02 8.059146729090793659e-01 1.834719446145264415e-02
1.442500000000000000e+02 7.996919078500889233e-01 2.824361643061807856e-02
1.452500000000000000e+02 8.126426924622768277e-01 1.012644019445880714e-02
1.897500000000000000e+02 1.029890702815515757e+00 2.730100658564910132e-02
1.910000000000000000e+02 1.044577616237700513e+00 2.118804718482207583e-02
2.602500000000000000e+02 1.153439152968957604e+00 1.491495109334296104e-02
2.642500000000000000e+02 1.123721935016456897e+00 2.059116349271502416e-02
2.725000000000000000e+02 1.220303639175187804e+00 3.882230887431937366e-02
2.805000000000000000e+02 1.255725969664619912e+00 1.860452700973427853e-02
2.817500000000000000e+02 1.249710418724877314e+00 1.919326667893277855e-02
2.882500000000000000e+02 1.180472170482707028e+00 3.153861556196806831e-02
2.930000000000000000e+02 1.250233980113870880e+00 1.592611531664466645e-02
3.015000000000000000e+02 1.223232428711871433e+00 2.728205743561034832e-02
3.020000000000000000e+02 1.257150566396836755e+00 1.249948273337786811e-02
3.030000000000000000e+02 1.241050588432809354e+00 1.219749346929900093e-02
3.037500000000000000e+02 1.231572008254957495e+00 2.607340457093665353e-02
3.040000000000000000e+02 1.210797189040592414e+00 3.379174761219268242e-02
3.100000000000000000e+02 1.169231520989186146e+00 2.019651212161215070e-02
3.107500000000000000e+02 1.196907890015363352e+00 1.701877101304961198e-02
3.162500000000000000e+02 1.160719698228295016e+00 2.582567648494538820e-02
3.167500000000000000e+02 1.144874225312512150e+00 1.974028605744692147e-02
3.187500000000000000e+02 1.130547357137426712e+00 2.705573622234358488e-02
3.197500000000000000e+02 1.111539967115992678e+00 2.673298418901191506e-02
3.202500000000000000e+02 1.121808369286733109e+00 1.182428339439061706e-02
3.230000000000000000e+02 1.098553197993582531e+00 1.677359646319788455e-02
3.300000000000000000e+02 1.119193868851427132e+00 2.069363363023665400e-02
3.327500000000000000e+02 1.115377920663570999e+00 1.974159878564843429e-02
3.335000000000000000e+02 1.100453062120506420e+00 2.147880122477780276e-02
3.345000000000000000e+02 9.680968373689690099e-01 3.871642905833300868e-02
3.375000000000000000e+02 1.033762648735902845e+00 2.248360845640100247e-02
3.400000000000000000e+02 1.015711355189110821e+00 1.448884133548079302e-02
3.405000000000000000e+02 1.002026054662680021e+00 1.344412923606091298e-02
3.430000000000000000e+02 1.025623409840563882e+00 2.151986815022254029e-02
3.457500000000000000e+02 1.007863258504965831e+00 3.949987589195162740e-02
3.530000000000000000e+02 1.103153442913175519e+00 2.476003345009490306e-02
3.637500000000000000e+02 1.023891670570044932e+00 2.922079409912768655e-02
3.645000000000000000e+02 1.070039195564265855e+00 1.521897675867241347e-02
3.675000000000000000e+02 1.047891737406086543e+00 1.631703410670418478e-02
3.685000000000000000e+02 1.031964789018261941e+00 1.244707026378467918e-02
3.695000000000000000e+02 1.016773955807999563e+00 2.324834305821281422e-02
3.700000000000000000e+02 1.057206829049861962e+00 1.203665397857403910e-02
3.732500000000000000e+02 1.022387232954365510e+00 2.308922130232627518e-02
3.737500000000000000e+02 1.026167828521327818e+00 2.103390962077356791e-02
3.750000000000000000e+02 1.044184456315077947e+00 1.678765781258393514e-02
3.757500000000000000e+02 1.033838632947826408e+00 1.146399339123866865e-02
3.760000000000000000e+02 1.053960427801376110e+00 2.026486045874167571e-02
3.762500000000000000e+02 1.041164316034604909e+00 2.834662427181956768e-02
3.767500000000000000e+02 1.017519533646117358e+00 2.742979671840440128e-02
3.815000000000000000e+02 1.114571695889742253e+00 1.578398009718365996e-02
3.827500000000000000e+02 1.143464121911698106e+00 1.265978722784329505e-02
3.840000000000000000e+02 1.173608060063711100e+00 1.189986970606597867e-02
3.867500000000000000e+02 1.209876348290269688e+00 1.323127778893325515e-02
3.872500000000000000e+02 1.219830003835582266e+00 2.594950646286650620e-02
3.880000000000000000e+02 1.248110417302654485e+00 1.730020054905233653e-02
3.882500000000000000e+02 1.232700029014623277e+00 1.506258108642706192e-02
3.905000000000000000e+02 1.229980364068615328e+00 2.525799128099881150e-02
3.907500000000000000e+02 1.206933997790175850e+00 3.701167107204745427e-02
3.910000000000000000e+02 1.206435945499523710e+00 2.596513278478456560e-02
3.917500000000000000e+02 1.220764824815742777e+00 1.301279383725801458e-02
3.920000000000000000e+02 1.225071944979306826e+00 1.587574167888222698e-02
3.945000000000000000e+02 1.192013109087808997e+00 2.983676414166483090e-02
3.980000000000000000e+02 1.128863248970365385e+00 1.720157843499938929e-02
3.987500000000000000e+02 1.136889785595941449e+00 2.729507141830407949e-02
4.047500000000000000e+02 1.242024666800563226e+00 1.245639597852207098e-02
4.062500000000000000e+02 1.274554273014764316e+00 1.505563278014003525e-02
4.107500000000000000e+02 1.334298685725087363e+00 2.807411546581143127e-02
4.115000000000000000e+02 1.346452913612073976e+00 1.799360639592258171e-02
4.172500000000000000e+02 1.476478307152319536e+00 1.534660542013794975e-02
4.217500000000000000e+02 1.541393368124797991e+00 2.092101687886539080e-02
4.240000000000000000e+02 1.544883438926149877e+00 2.735170966945426468e-02
4.250000000000000000e+02 1.579707064902766023e+00 3.056188626190467147e-02
4.265000000000000000e+02 1.635712606004451120e+00 1.759419404594307970e-02
4.295000000000000000e+02 1.743855699305000284e+00 2.814279098203243540e-02
4.307500000000000000e+02 1.763211537852336752e+00 2.140136203574411616e-02
4.315000000000000000e+02 1.768833280909118955e+00 2.405992938951529922e-02
4.345000000000000000e+02 1.784942701532627352e+00 3.769216811335542039e-02
4.350000000000000000e+02 1.840072643351857717e+00 1.570946151425278020e-02
4.367500000000000000e+02 1.807217016656402331e+00 2.227621142320142592e-02
4.387500000000000000e+02 1.800059731026446563e+00 2.942939473584260668e-02
4.390000000000000000e+02 1.789937333835216915e+00 3.722534557104883318e-02
4.392500000000000000e+02 1.852209702575660311e+00 2.690149157620470161e-02
4.397500000000000000e+02 1.846518575839965592e+00 1.885436076605637168e-02
4.410000000000000000e+02 1.846794842241747725e+00 1.459719190909034361e-02
4.445000000000000000e+02 1.793337377764503859e+00 1.653630513443939826e-02
4.462500000000000000e+02 1.813263645492419140e+00 1.814503792701318077e-02
4.472500000000000000e+02 1.821120171215164563e+00 2.530994966852196520e-02
4.495000000000000000e+02 1.764078958997981061e+00 4.362679977208861609e-02
4.505000000000000000e+02 1.818787780878420079e+00 2.400505713133781194e-02
4.520000000000000000e+02 1.809456264933889003e+00 2.130287073985363822e-02
4.530000000000000000e+02 1.801727475695543035e+00 1.641972630141421211e-02
4.545000000000000000e+02 1.794575581461304914e+00 4.076610287677072397e-02
4.567500000000000000e+02 1.736332076652524758e+00 2.708206427215607143e-02
4.622500000000000000e+02 1.681576249422443325e+00 1.549309592970386958e-02
4.635000000000000000e+02 1.661034547873477152e+00 1.853584474755397629e-02
4.640000000000000000e+02 1.723834535771300525e+00 3.360918924525197610e-02
4.645000000000000000e+02 1.658091859627060183e+00 3.105523508712699707e-02
4.690000000000000000e+02 1.743192605743315138e+00 1.524064353701218635e-02
4.702500000000000000e+02 1.725463985111807652e+00 2.401214356106195352e-02
4.747500000000000000e+02 1.803480176383185585e+00 4.448999103812694561e-02
4.755000000000000000e+02 1.898932387728815119e+00 2.449163450434547334e-02
4.832500000000000000e+02 1.743678626031981871e+00 1.541799809505440405e-02
4.837500000000000000e+02 1.703082917044708822e+00 2.266483455216546442e-02
4.890000000000000000e+02 1.596680099336579284e+00 1.376753996818383223e-02
4.897500000000000000e+02 1.578432959847099637e+00 2.373437431455324362e-02
4.955000000000000000e+02 1.488385703178112252e+00 2.303097758379977697e-02
4.967500000000000000e+02 1.412410902563518755e+00 3.696481598053985573e-02
5.100000000000000000e+02 1.553087605100981206e+00 1.932708692296575617e-02
5.102500000000000000e+02 1.600935616647425341e+00 3.431546254268783014e-02
5.115000000000000000e+02 1.599094128457140274e+00 1.757394297256847926e-02
5.117500000000000000e+02 1.581598278721268125e+00 1.606005229820530941e-02
5.150000000000000000e+02 1.597370655813626472e+00 3.219276797917946381e-02
5.152500000000000000e+02 1.618286771576840533e+00 1.436696272060687674e-02
5.202500000000000000e+02 1.498882195833560527e+00 3.304472146657436854e-02
5.217500000000000000e+02 1.488274216648587833e+00 1.628475490911154150e-02
5.235000000000000000e+02 1.518479436443408437e+00 1.701805987924370420e-02
5.250000000000000000e+02 1.490640721623279985e+00 2.418885285171489680e-02
5.290000000000000000e+02 1.445574956569903646e+00 2.621473994332823923e-02
5.330000000000000000e+02 1.435474682641790567e+00 1.631492535377663741e-02
5.407500000000000000e+02 1.486361633946335914e+00 2.774067107978512442e-02
5.417500000000000000e+02 1.446745452757329353e+00 1.349216571031744243e-02
5.462500000000000000e+02 1.428889395143108976e+00 1.920857841403976474e-02
5.622500000000000000e+02 1.301066477272699196e+00 2.773343992993251503e-02
5.637500000000000000e+02 1.401714592777925095e+00 2.237312137712579516e-02
5.662500000000000000e+02 1.431103328345590509e+00 3.991057931351738725e-02
5.697500000000000000e+02 1.443955445822464823e+00 3.049537138062648894e-02
5.780000000000000000e+02 1.394025541168011140e+00 1.925791239800837135e-02
5.797500000000000000e+02 1.455420471102277569e+00 2.090301687466878874e-02
5.800000000000000000e+02 1.525919890046715688e+00 3.549106809567617593e-02
5.805000000000000000e+02 1.473033208397364735e+00 4.098057790066895328e-02
5.807500000000000000e+02 1.431547103189274139e+00 4.178459855638433362e-02
5.810000000000000000e+02 1.449830666820523639e+00 1.417507573397718164e-02
5.820000000000000000e+02 1.521497963781063500e+00 3.767343597898101248e-02
5.837500000000000000e+02 1.495260190664718047e+00 2.505949700442888783e-02
5.842500000000000000e+02 1.490716470915550707e+00 1.232527520037659391e-02
5.852500000000000000e+02 1.461267938945624012e+00 1.943999878992386590e-02
5.872500000000000000e+02 1.401802678874646269e+00 3.224735216962346107e-02
5.892500000000000000e+02 1.454508884088395293e+00 1.414859604387666905e-02
5.922500000000000000e+02 1.479914470980439933e+00 1.437472203509668374e-02
5.930000000000000000e+02 1.391582930283601360e+00 4.593876897753584182e-02
5.952500000000000000e+02 1.478981191364324710e+00 1.586977157757214069e-02
5.972500000000000000e+02 1.491245036894293774e+00 1.339273312571793821e-02
6.010000000000000000e+02 1.490814898833518365e+00 1.704710663456390773e-02
6.017500000000000000e+02 1.494885447044119964e+00 2.679867054723895567e-02
6.055000000000000000e+02 1.468670274181275825e+00 1.298257304168421063e-02
6.060000000000000000e+02 1.506893602936378418e+00 1.921858667501584114e-02
6.062500000000000000e+02 1.491569759941646200e+00 3.328142419715205552e-02
6.065000000000000000e+02 1.489221689713325247e+00 1.696261748781861464e-02
6.075000000000000000e+02 1.460053265274109391e+00 1.457137698172678714e-02
6.100000000000000000e+02 1.520489408457270653e+00 2.678394182786170488e-02
6.102500000000000000e+02 1.522836343955297211e+00 1.590322141804349776e-02
6.115000000000000000e+02 1.537220344382266513e+00 1.398037957259895721e-02
6.192500000000000000e+02 1.551101545568400519e+00 2.396128197756013448e-02
6.200000000000000000e+02 1.543302269509809976e+00 1.870013473076953189e-02
6.205000000000000000e+02 1.535819995586664932e+00 1.610211692313658072e-02
6.222500000000000000e+02 1.638581552091816107e+00 3.206679025073150974e-02
6.247500000000000000e+02 1.582571134746508346e+00 2.193843999776023956e-02
6.257500000000000000e+02 1.567402498161474256e+00 2.448967783544920770e-02
6.267500000000000000e+02 1.546919329515603625e+00 1.249898791674762012e-02
6.305000000000000000e+02 1.438461747519802714e+00 3.018484293373215402e-02
6.312500000000000000e+02 1.406985014537320167e+00 1.762140252462511200e-02
6.317500000000000000e+02 1.351169692241794396e+00 1.831773838617757957e-02
6.380000000000000000e+02 1.211250163977490191e+00 1.371742613056869432e-02
6.412500000000000000e+02 1.273457511196575798e+00 2.468348274602354814e-02
6.422500000000000000e+02 1.288100391886657814e+00 2.298548683802650178e-02
6.462500000000000000e+02 1.269044173573394163e+00 1.617565317827589916e-02
6.467500000000000000e+02 1.251370460350235581e+00 2.199265196725461516e-02
6.487500000000000000e+02 1.245864366658424593e+00 2.471926020548728675e-02
6.490000000000000000e+02 1.292827153136199669e+00 3.515483779879326198e-02
6.507500000000000000e+02 1.314576666710332242e+00 1.544103533307093594e-02
6.512500000000000000e+02 1.369874826123556044e+00 3.603543056864206423e-02
6.547500000000000000e+02 1.271425473994249433e+00 2.447265834515407329e-02
6.560000000000000000e+02 1.231316761690438799e+00 1.377044372419388395e-02
6.572500000000000000e+02 1.265834090618148666e+00 1.657031422520745256e-02
6.630000000000000000e+02 1.178868423296084211e+00 3.147532094571406369e-02
6.635000000000000000e+02 1.249999173781196404e+00 1.820371010322260549e-02
6.645000000000000000e+02 1.187873572559780211e+00 3.124836794672054135e-02
6.680000000000000000e+02 1.216377601307113032e+00 1.778244117525149687e-02
6.690000000000000000e+02 1.227196286584490981e+00 3.461738079212636071e-02
6.735000000000000000e+02 1.321345016981586573e+00 1.347506099850666328e-02
6.737500000000000000e+02 1.363709228641268423e+00 3.290223270913870263e-02
6.867500000000000000e+02 1.347830574672226112e+00 2.282859354864746199e-02
6.877500000000000000e+02 1.331465593024836025e+00 3.139327855074180995e-02
6.905000000000000000e+02 1.361048268338052702e+00 2.835949284498954365e-02
6.975000000000000000e+02 1.320538023511768744e+00 2.204053610414060532e-02
6.982500000000000000e+02 1.357983906826498277e+00 1.159506268163244813e-02
7.017500000000000000e+02 1.256873654836327514e+00 1.355685124498246137e-02
7.060000000000000000e+02 1.185265393065886741e+00 3.108584920367795518e-02
7.135000000000000000e+02 1.229629007851634315e+00 1.204063485342699545e-02
7.172500000000000000e+02 1.247788378099169204e+00 2.006501212376945315e-02
7.192500000000000000e+02 1.280156816478423165e+00 2.718959483313295247e-02
7.210000000000000000e+02 1.321427850737259213e+00 2.292604459985444348e-02
7.212500000000000000e+02 1.294710078247236940e+00 2.004935039524725210e-02
7.267500000000000000e+02 1.448634879048084301e+00 2.078336554075628159e-02
7.285000000000000000e+02 1.476585321844029908e+00 2.771683748646110168e-02
7.295000000000000000e+02 1.507273095535314411e+00 2.466769088022554082e-02
