1.5855251112824502
-0.9203135331721289
0.05876060110601473
-0.6156834112852346
-0.14679676878344078
-1.106284574502
0.6837382052521622
-1.215922681131542
-0.7996657696332528
2.0316795951541473
-0.5122404509512415
-0.9128282498857487
0.1035366362609916
0.5648452349900801
-0.4108665063258467
-1.0205288069849128
1.6866903314289488
-0.6596050499133977
0.7975829651178402
0.3192052619753339
-0.2702474504226787
-1.6978606706654134
-0.3795200310526568
-0.06400749690343956
-1.1712818675735839
1.5675817775127951
-1.2369376748120107
0.09327633885476538
-1.4543459525261886
-0.19278670048215218
0.3990351152082539
-0.9007062456147623
1.555988230651914
-0.34115731596912835
-0.19014548473020945
0.23164285348421995
0.41915376333560095
-1.280644005580065
-0.487965546372727
-0.1323321528473356
2.9222576308954507
-0.6028968547299651
0.06338643824035817
-0.36970581245831335
0.5123806707691618
0.6013654789895194
-0.3113512167459043
-0.3185402880536079
0.001463382252527723
0.31510756709452575
1.1379771250847532
-0.38743110447261225
0.43219993111651883
-0.7183897731904655
0.24700880076218137
-0.4909566483452494
-0.4551709094396472
0.14899055077997428
-0.13986486692905023
0.13709013133211204
0.16842421126029156
-0.5572973448509705
0.3580106696726494
0.27128100365573027
-0.011994761968408518
-0.8972998572800478
0.15727119099120226
0.3257699160930617
-0.1690027702549596
-0.05751925755346728
-0.5838257503671495
-0.872001659174854
0.6822714058465883
0.33151953882950685
-0.16240876359060466
0.03164864170964875
-0.4395128366091299
0.08655923783505244
-0.27330013314999513
0.20811000007496827
0.8361652848627799
0.6679391911379606
-2.552404294815321
0.06259506728381853
0.17199865878021028
-0.6334332583258414
0.418999253066688
-0.30502037887097677
-1.0617845363586167
0.7812585500348351
0.03562623613283314
-0.7306817587361734
-1.027471480012142
1.1728034691736655
-0.4210971940044228
-0.2910517413302724
0.46841039418661745
-0.4207395082748659
0.6972138380757876
0.011282843540413201
-0.9570999136298102
-0.32182136001726214
-0.12219492313671529
0.09947790749816612
-0.2011553048956821
0.8478765540480776
-0.06130456675029375
0.17375882037783844
-0.45566528675425066
-0.6329105014772672
0.059818933920188416
0.40345376679394285
0.19991563533621387
-0.8647127205523105
-0.34910369455986223
-0.047232193622049036
0.13955808895234514
-0.4201382507652545
0.21878560921802026
0.17428108179649804
-0.763184130962849
-0.36629688858456716
0.438945218748702
0.07255555131551411
-0.22471891790187762
-0.9694254398625055
0.878877808401452
-0.6145493244357144
-0.8150381356269816
-1.0070638815119515
0.7428130601561331
0.3896979788109916
0.4012500469855423
-0.5543194279520443
0.2173309257997469
0.35516585714049387
-0.9794402131809684
0.35177401531291586
0.12052134062636605
0.0196754514462479
0.2732013638012798
-0.23977219690234552
-0.06922671904248484
-0.9450276783210869
1.2783895477391247
-0.8047255808551576
0.3499138285880939
-0.9871410794849279
-1.0638116346628506
1.2205999554797482
0.3850295163059929
-0.7954279962062385
-0.022964641167290217
0.41869254843830267
-1.3510343362011097
-0.6427064222245346
0.9014823408158668
0.6304838661787963
-0.5147257662354738
-0.4411708605267758
0.5202392660002763
-0.37419544820147377
-0.54270274438473
0.8062243895885952
0.06367178333298062
-0.22395984000087893
-0.12473862578276133
0.8870397466045081
-0.36350831384763976
0.05094482830128483
-1.734420219324673
0.9268568815924723
0.33503273660539756
0.3261459030975215
-1.1989144154133655
0.21161063030947289
1.9879668912337052
0.33449823168439435
-0.7090924694624566
-0.9440161031201099
1.1392681016134198
0.3127183021189051
0.4233080339769012
-0.46173316884341964
-1.375808897920831
-0.015728040039729396
0.6663403189904484
-1.6803959264308086
0.011094195417448516
0.14315712935945107
-0.03227398582879025
0.1846874780470204
-0.6849827942621051
1.3834140867251432
0.3301570220914666
0.48465427837368297
-1.17592861203201
0.17722827589167786
0.18949503646098922
0.06320651776148285
0.25602810145601884
-0.15385476969665426
-0.9859351326613202
1.559677270485418
0.056944517607038884
-0.032683103943844466
-0.08981747671371916
0.5239642770617755
0.8251958764337579
-1.1118478087297616
-0.8224906701573811
0.48158989814004854
0.7739435915030992
0.12963399954917332
-0.6318235545615183
-1.1724094810288057
0.374650557060231
0.4894939182719774
1.6412852066345476
-0.4763593240672118
0.07274186395133318
-1.5269019739738436
1.276609762545212
-0.9604565661757708
-0.3749826278152158
-0.293766210465712
-0.13961767572903167
1.0907747762644204
0.06067445265389363
-0.4611479565352395
0.2783946615605874
0.3525326774249041
0.05854014001311023
-0.7332558091768132
-0.07483673601570245
-0.2623562076288701
0.008833743653056536
0.5136365840615769
-0.9300392508018098
0.28560557073476894
-0.16543225596443473
0.23734235955126434
