5.5
6.99896480331263
7.25
7.5
7.75
8.49792960662526
9.996894409937887
10.5
11.495859213250517
12.994824016563147
13.5
14.493788819875776
15.992753623188406
16.5
17.491718426501034
18.990683229813666
20.0
20.489648033126294
21.988612836438925
23.487577639751553
24.98654244306418
26.25
26.485507246376812
27.25
27.98447204968944
29.483436853002072
30.9824016563147
32.0
32.48136645962733
33.980331262939956
34.0
35.47929606625259
36.97826086956522
38.47722567287785
39.976190476190474
41.475155279503106
42.97412008281574
44.25
44.47308488612836
45.5
45.97204968944099
47.471014492753625
47.5
48.25
48.96997929606625
50.46894409937888
51.96790890269151
52.0
53.466873706004144
53.75
54.96583850931677
55.0
55.25
55.5
56.0
56.4648033126294
57.75
57.96376811594203
59.462732919254655
59.5
60.96169772256729
62.46066252587992
62.5
63.75
63.95962732919255
64.75
65.45859213250517
66.75
66.9575569358178
68.45652173913044
69.25
69.95548654244307
71.4544513457557
72.95341614906832
73.0
74.45238095238095
75.25
75.95134575569358
76.0
76.25
77.45031055900621
78.94927536231884
80.44824016563147
81.9472049689441
83.44616977225672
84.75
84.94513457556936
86.44409937888199
86.75
87.25
87.94306418219462
88.25
89.0
89.44202898550725
90.94099378881988
91.0
92.0
92.4399585921325
92.5
93.93892339544513
94.75
95.43788819875776
96.9368530020704
97.75
98.43581780538302
99.93478260869566
101.43374741200829
102.9327122153209
104.43167701863354
105.93064182194617
107.4296066252588
108.92857142857143
109.0
110.42753623188406
111.9265010351967
113.42546583850931
114.5
114.92443064182194
116.25
116.42339544513457
117.0
117.25
117.9223602484472
118.25
119.42132505175984
120.92028985507247
122.4192546583851
123.91821946169772
125.25
125.41718426501035
126.91614906832298
128.4151138716356
129.91407867494823
130.0
131.41304347826087
132.75
132.9120082815735
133.0
133.75
134.41097308488614
135.90993788819875
137.4089026915114
138.90786749482402
139.75
140.40683229813664
141.90579710144928
143.4047619047619
143.75
144.25
144.90372670807454
145.25
146.40269151138716
147.9016563146998
149.40062111801242
150.89958592132504
152.3985507246377
153.8975155279503
155.39648033126295
156.89544513457557
158.3944099378882
159.89337474120083
161.39233954451345
162.8913043478261
164.3902691511387
165.88923395445136
167.38819875776397
168.8871635610766
170.38612836438924
171.88509316770185
173.3840579710145
174.88302277432712
176.38198757763976
177.88095238095238
179.379917184265
180.87888198757764
182.37784679089026
183.8768115942029
185.37577639751552
186.87474120082817
188.3737060041408
189.75
189.8726708074534
191.0
191.37163561076605
192.87060041407867
194.3695652173913
195.86853002070393
197.36749482401657
198.8664596273292
200.3654244306418
201.86438923395445
203.36335403726707
204.86231884057972
206.36128364389234
207.86024844720498
209.3592132505176
210.85817805383022
212.35714285714286
213.85610766045548
215.35507246376812
216.85403726708074
218.3530020703934
219.851966873706
221.35093167701862
222.84989648033127
224.34886128364388
225.84782608695653
227.34679089026915
228.8457556935818
230.3447204968944
231.84368530020703
233.34265010351967
234.8416149068323
236.34057971014494
237.83954451345755
239.3385093167702
240.83747412008282
242.33643892339543
243.83540372670808
245.3343685300207
246.83333333333334
248.33229813664596
249.8312629399586
251.33022774327122
252.82919254658384
254.3281573498965
255.8271221532091
257.32608695652175
258.82505175983437
260.25
260.324016563147
261.8229813664596
263.3219461697723
264.25
264.8209109730849
266.3198757763975
267.8188405797101
269.3178053830228
270.8167701863354
272.31573498964804
272.5
273.81469979296065
275.31366459627327
276.81262939958594
278.31159420289856
279.8105590062112
280.5
281.3095238095238
281.75
282.8084886128364
284.3074534161491
285.8064182194617
287.3053830227743
288.25
288.80434782608694
290.3033126293996
291.80227743271223
293.0
293.30124223602485
294.80020703933747
296.2991718426501
297.79813664596276
299.2971014492754
300.796066252588
302.0
302.2950310559006
303.0
303.75
303.7939958592132
304.0
305.2929606625259
306.7919254658385
308.29089026915113
309.78985507246375
310.0
310.75
311.2888198757764
312.78778467908904
314.28674948240166
315.7857142857143
316.25
316.75
317.2846790890269
318.75
318.78364389233957
319.75
320.25
320.2826086956522
321.7815734989648
323.0
323.2805383022774
324.77950310559004
326.2784679089027
327.77743271221533
329.27639751552795
330.0
330.77536231884056
332.2743271221532
332.75
333.5
333.77329192546586
334.5
335.2722567287785
336.7712215320911
337.5
338.2701863354037
339.7691511387164
340.0
340.5
341.268115942029
342.7670807453416
343.0
344.26604554865423
345.75
345.76501035196685
347.2639751552795
348.76293995859214
350.26190476190476
351.7608695652174
353.25983436853
354.75879917184267
356.2577639751553
357.7567287784679
359.2556935817805
360.7546583850932
362.2536231884058
363.75
363.7525879917184
364.5
365.25155279503105
366.75051759834366
367.5
368.24948240165634
368.5
369.5
369.74844720496895
370.0
371.2474120082816
372.7463768115942
373.25
373.75
374.2453416149068
375.0
375.7443064182195
375.75
376.0
376.25
376.75
377.2432712215321
378.7422360248447
380.24120082815733
381.5
381.74016563147
382.75
383.2391304347826
384.0
384.73809523809524
386.23706004140786
387.25
387.7360248447205
388.0
388.25
389.23498964803315
390.5
390.73395445134577
390.75
391.0
391.75
392.0
392.2329192546584
393.731884057971
394.5
395.2308488612836
396.7298136645963
398.0
398.2287784679089
398.75
399.7277432712215
401.22670807453414
402.7256728778468
404.22463768115944
404.75
405.72360248447205
406.25
407.22256728778467
408.7215320910973
410.22049689440996
410.75
411.7194616977226
413.2184265010352
414.7173913043478
416.21635610766043
417.25
417.7153209109731
419.2142857142857
420.71325051759834
421.75
422.21221532091096
423.7111801242236
424.0
425.0
425.21014492753625
426.70910973084887
428.2080745341615
429.5
429.7070393374741
430.75
431.2060041407868
431.5
432.7049689440994
434.203933747412
434.5
435.0
435.7028985507246
436.75
437.20186335403724
438.7008281573499
438.75
439.0
439.25
439.75
440.19979296066253
441.0
441.69875776397515
443.19772256728777
444.5
444.6966873706004
446.19565217391306
446.25
447.25
447.6946169772257
449.1935817805383
449.5
450.5
450.6925465838509
452.0
452.1915113871636
453.0
453.6904761904762
454.5
455.1894409937888
456.68840579710144
456.75
458.18737060041406
459.68633540372673
461.18530020703935
462.25
462.68426501035196
463.5
464.0
464.1832298136646
464.5
465.6821946169772
467.1811594202899
468.6801242236025
469.0
470.1790890269151
470.25
471.6780538302277
473.1770186335404
474.675983436853
474.75
475.5
476.17494824016563
477.67391304347825
479.17287784679087
480.67184265010354
482.17080745341616
483.25
483.6697722567288
483.75
485.1687370600414
486.667701863354
488.1666666666667
489.6656314699793
489.75
491.1645962732919
492.66356107660454
494.1625258799172
495.5
495.66149068322983
496.75
497.16045548654245
498.65942028985506
500.1583850931677
501.65734989648035
503.156314699793
504.6552795031056
506.1542443064182
507.6532091097308
509.1521739130435
510.0
510.25
510.6511387163561
511.5
511.75
512.1501035196687
513.6490683229814
515.0
515.148033126294
515.25
516.6469979296066
518.1459627329192
519.6449275362319
520.25
521.1438923395445
521.75
522.6428571428571
523.5
524.1418219461698
525.0
525.6407867494823
527.139751552795
528.6387163561077
529.0
530.1376811594203
531.6366459627329
533.0
533.1356107660456
534.6345755693582
536.1335403726708
537.6325051759834
539.1314699792961
540.6304347826087
540.75
541.75
542.1293995859213
543.628364389234
545.1273291925465
546.25
546.6262939958592
548.1252587991719
549.6242236024844
551.1231884057971
552.6221532091097
554.1211180124224
555.620082815735
557.1190476190476
558.6180124223603
560.1169772256728
561.6159420289855
562.25
563.1149068322982
563.75
564.6138716356107
566.1128364389234
566.25
567.611801242236
569.1107660455486
569.75
570.6097308488613
572.1086956521739
573.6076604554866
575.1066252587992
576.6055900621118
578.0
578.1045548654245
579.603519668737
579.75
580.0
580.5
580.75
581.0
581.1024844720497
582.0
582.6014492753624
583.75
584.1004140786749
584.25
585.25
585.5993788819876
587.0983436853002
587.25
588.5973084886128
589.25
590.0962732919255
591.5952380952381
592.25
593.0
593.0942028985507
594.5931677018633
595.25
596.092132505176
597.25
597.5910973084887
599.0900621118012
600.5890269151139
601.0
601.75
602.0879917184265
603.5869565217391
605.0859213250518
605.5
606.0
606.25
606.5
606.5848861283644
607.5
608.083850931677
609.5828157349896
610.0
610.25
611.0817805383023
611.5
612.5807453416149
614.0797101449275
615.5786749482402
617.0776397515529
618.5766045548654
619.25
620.0
620.0755693581781
620.5
621.5745341614906
622.25
623.0734989648033
624.572463768116
624.75
625.75
626.0714285714286
626.75
627.5703933747412
629.0693581780538
630.5
630.5683229813665
631.25
631.75
632.0672877846791
633.5662525879917
635.0652173913044
636.5641821946169
638.0
638.0631469979296
639.5621118012423
641.0610766045548
641.25
642.25
642.5600414078675
644.0590062111801
645.5579710144928
646.25
646.75
647.0569358178054
648.555900621118
648.75
649.0
650.0548654244307
650.75
651.25
651.5538302277432
653.0527950310559
654.5517598343686
654.75
656.0507246376811
657.25
657.5496894409938
659.0486542443064
660.547619047619
662.0465838509317
663.0
663.5
663.5455486542443
664.5
665.044513457557
666.5434782608696
668.0
668.0424430641822
669.0
669.5414078674949
671.0403726708074
672.5393374741201
673.5
673.75
674.0383022774328
675.5372670807453
677.036231884058
678.5351966873706
680.0341614906832
681.5331262939959
683.0320910973085
684.5310559006211
686.0300207039337
686.75
687.5289855072464
687.75
689.027950310559
690.5
690.5269151138716
692.0258799171843
693.5248447204968
695.0238095238095
696.5227743271222
697.5
698.0217391304348
699.5207039337474
701.01966873706
701.75
702.5186335403727
704.0175983436853
705.5165631469979
706.0
707.0155279503106
708.5144927536232
710.0134575569358
711.5124223602485
713.011387163561
713.5
714.5103519668737
716.0093167701864
717.25
717.508281573499
719.0072463768116
719.25
720.5062111801242
721.0
721.25
722.0051759834369
723.5041407867495
725.0031055900621
726.5020703933748
726.75
728.0010351966873
728.5
729.5
