1.7849785824069053
-0.8520866957491597
0.1538195422523784
-0.5515877251581601
-0.21040845376980977
-1.2231884500668544
0.6314445062170243
-1.1758400752639873
-0.7918927369358579
2.1240062001147963
-0.4167890688353053
-0.8609745517945869
0.18052046715266112
0.6827759602074899
-0.4241096008521221
-1.0202809497564371
1.6315577947294957
-0.6963121625475395
0.781086705005931
0.3306855263446986
-0.25358532694134156
-1.658128847927269
-0.32573003826230135
0.09672691834174647
-1.0310608607950156
1.5904204266421615
-1.1776851580696621
0.3086507373782791
-1.2434530108217385
-0.15471385301406784
0.24478300063587977
-0.9376418094363071
1.5509853251210242
-0.3126847867681431
-0.14554335930275983
0.2878725531401918
0.4668755471127236
-1.1982129177920848
-0.5811810943692554
-0.16099859289060842
2.9006861655530014
-0.5152952009471814
0.18564301005017586
-0.25231315033840696
0.5646124864314507
0.5012298140836166
-0.43171812994110503
-0.4020648770501986
-0.012462701926164627
0.5807353629589433
1.2112053057840362
-0.38568774693611
0.5207555186952969
-0.5183167154567075
0.32239634887376867
-0.3871296160650384
-0.42863744018664673
0.12051749926244444
-0.2482964850390367
0.154959854497832
0.1913466991034164
-0.6400622692908579
0.1525128259651551
0.2098141209246364
0.16971905711925606
-1.0431527488855525
0.049317405327719485
0.3742320131891823
-0.0017650336681684009
-0.013627236305339897
-0.5412212152587725
-0.8581914656426776
0.5672993867867732
0.2859527037875804
-0.18436743496667876
-0.03215758669917377
-0.4263318650772004
0.17654961273407388
-0.2956912055239181
0.20967211346448078
0.7324694431026068
0.5638377255032987
-2.561810954681296
0.09769884230729971
0.17309755049478795
-0.6262152415805233
0.5159779016688536
-0.17718931627784176
-1.0398541481413326
0.9104321558607534
0.19208105444730353
-0.6356121111636248
-0.9942606369712342
1.2092600209324287
-0.4672733782964824
-0.344720603427108
0.3957241799267978
-0.5093675333130249
0.6224495789977563
-0.05097770549189185
-1.0316488433322482
-0.08764558430470613
-0.03936863514342418
0.0890435987988558
-0.3701446312006265
0.7710767249168624
-0.17999161569068473
0.16068842061243915
-0.4551226817333912
-0.6125643035036328
0.1672424002247496
0.5152625409584812
0.21489910159047473
-0.7010252556711686
-0.21356169625853888
-0.03481158117610868
0.24732866149175767
-0.3279859300174073
0.17182409915990096
0.3519609014439978
-0.739434867956437
-0.3393474952852806
0.3703813832016778
0.14048663906401015
-0.2014035261320136
-0.9717075711280222
0.7143641169186522
-0.6145334862714424
-0.9780265744932334
-1.121149357576955
0.6232723852107315
0.33950559507555367
0.3053091531580764
-0.5684650806993605
0.13526016794572754
0.27770785256337627
-0.989507462067946
0.35951014428478717
-0.008586244435559274
0.10120019044715786
0.2595897733384082
-0.38923159561671555
-0.15527928048075196
-0.9262513289136852
1.242743498940762
-0.8636307354293566
0.48268359253901366
-0.8024083616646438
-1.1009591940139591
1.131200604547427
0.5018350849037752
-0.7326840668136542
-0.04355837951754651
0.42929096797090943
-1.2735005836071025
-0.8109720995614353
0.8115276703963906
0.6353118508505233
-0.5289918467238194
-0.3553767600559231
0.6798864126964497
-0.40449497640843946
-0.7568994204302928
0.8043615635362065
-0.1291574311789524
-0.3450891169775613
-0.07868847439821014
1.0059161298586847
-0.2766514745606549
0.002645943774491828
-1.6982001381752914
0.8969494671312965
0.39269733948477137
0.31270299286005615
-1.1264520485616414
0.22825566954010384
2.0090506172889544
0.3592447198908413
-0.6747601815114392
-0.8364713476012909
1.1724542041637145
0.3752206739094867
0.6197432205137765
-0.4792660745814756
-1.3564549096586913
0.13898163872237293
0.6426655962937269
-1.688270445191205
-0.08557935717864142
0.05826864700760931
-0.026944616188177957
0.18799139149300512
-0.799850009365495
1.2331275484094153
0.22338848621553242
0.3411045029349825
-1.3538927248893586
0.1134988892837998
0.0725558147783921
0.2761082687765644
0.25859630169558345
-0.1972463359570055
-0.9433362063550932
1.5593543644423797
0.06661483331176017
0.07082613132109661
0.14360413942680253
0.4183544333645097
0.7180208070862666
-1.0966458874075842
-0.962620739173793
0.46681865692825236
0.7193611656709024
0.1596777451743176
-0.6347566433834713
-1.3041642278210288
0.30323496424490876
0.33367650637188334
1.5868556645949878
-0.4370753932251927
0.02479776736936281
-1.5344579196186852
1.3337384264635923
-0.9780840570107736
-0.3542106962378233
-0.22217174998237005
-0.15866863641324916
1.0776650281344085
0.09070631749732445
-0.4221466283263328
0.42627590911351776
0.2864073766505223
-0.05936911778602174
-0.7617227997719576
0.010410444867008407
-0.2528427639883791
0.03621002966603907
0.5805250704273045
-0.865026616685054
0.04043504411337146
-0.16021415933971325
0.3869031686612989
