0.7421063200252505
-0.8846347198762706
0.16259832253122572
-0.5397746319202572
0.15102147610213357
-0.44775891533642115
0.3688771988081153
-0.41328275354405775
-0.5863575106766303
1.2250993051631651
-0.33597683895156666
-0.3197504620061986
0.0376466442290117
0.31193275603366444
-0.30263760616848484
-0.421894630450217
0.7950851488651324
-0.8465099871967383
0.671039469067903
0.26640091296096063
-0.1729408991364581
-1.1417005235572062
0.07424716833948955
0.22101108906509956
-0.9315612313512193
1.0087588820775506
-1.0365406034289795
0.134674139981401
-0.6207857681790698
0.041058121111798906
0.22269472232604104
-0.9397047718074947
1.4749799415823261
-0.18605001245063865
-0.18789998030637675
0.2581323965684441
0.5177001946129407
-0.871040368221328
-0.4590117853908503
-0.4530706836027252
2.4867785242171188
-0.43975164022236557
0.20736471125965125
-0.4053145228641879
0.21700614089590828
0.33660695422542264
-0.14706412681746653
-0.16733437360189987
0.1418591721220808
-0.0408210519685702
0.6137171728671621
-0.4451867935584813
0.3727955326393756
-0.3712285652713565
0.08736467807757857
-0.24139754926355594
-0.33417973994911504
-0.0232023774308312
-0.22339605196340886
0.23956881487535908
-0.01667680916931442
-0.23718742763652448
0.15816953776875609
0.041419171026554624
0.1489597223838383
-0.40754875790693007
0.0434527247628185
0.16249172083964822
-0.015754472946877717
0.06538230539129612
-0.42772973740398795
-0.5049997122771976
0.5431313949052735
0.2673735790832611
-0.04903438894364065
0.11677582863382825
-0.2911792297758373
0.23706578156341254
-0.14802843269412577
-0.17758982623217245
0.35325769400626295
0.5504678841161114
-2.1106741155337385
0.14937245213045572
0.28088091367236556
-0.5111083362465773
0.23421373265423054
-0.10452566704322555
-0.8558061980871459
0.6007337111872998
0.12692787599504693
-0.2623287434594827
-0.989143427653614
0.6985568605492023
-0.3673802883758668
-0.1953011023241566
0.37349588896361446
-0.3441903810843103
0.6939526996777132
0.06106338765176371
-0.6120453933129917
-0.018740238823615453
-0.005878909553491907
0.14024874347557326
-0.2898192947633141
0.7138953267447288
-0.20941083272507235
0.24443537169289584
-0.4111484032851142
-0.5958866446759084
-0.09638774825211602
0.24889354587862556
0.15908031121746993
-0.47143580711139516
-0.12579610696567725
-0.03353192517503798
0.10295875678858998
0.06124869306634134
0.20101044603733637
0.060920694510468144
-0.44143820893492813
-0.1079425132872618
0.24999009851251075
0.07715423789966025
-0.14842881249518236
-0.9000930770983142
0.4015485710375929
-0.15266474352145415
-0.5071087873455096
-0.8620347672410413
0.7265705163517561
0.13734387773147497
0.15064674406384954
-0.08955891746507483
0.15359210995260733
0.18522912699153482
-0.8150384828507395
0.22597387943937963
-0.00531481013803254
-0.21042815395144462
0.03438459046601357
0.04321518436369161
0.23642580981452263
-0.576145049702805
1.2657776335289264
-0.7930468467551107
0.14784860350171056
-0.4215973199231153
-1.022324249117586
0.5093466521197847
0.20942409302381818
-0.5429637346078621
0.004221708368160848
0.4459828493140366
-0.6326101373286688
-0.6474724769682296
0.78794331716843
0.5610944722093651
-0.4612030254551008
-0.6361966662102141
0.10117612825319172
-0.11788923438172481
-0.25542817720920147
0.47101116335987137
-0.0682832092625029
0.014513515714301973
0.07707042619048168
0.582559652018763
-0.1292766352002098
0.04672990426112571
-0.9335527325807657
0.5763458654081796
-0.09110284883178607
0.054829348639888975
-0.6011300850522221
-0.10186753067344982
1.7594147062071028
0.2183778675442022
-0.7138141549644317
-0.7782178699752196
0.7595379134091168
0.038006037920500155
0.24632044416485102
-0.17228067631814287
-0.6942585286368457
0.03397049337958048
0.40248337587290695
-1.5034774567950364
0.03492041938611143
0.04384514176451445
0.046839510064800596
0.13853318454652722
-0.5446479189141623
1.1050556348162968
0.1908358004106736
0.41692134319776436
-0.5845688293017003
0.1277186289026189
0.06725451055126794
-0.1968879225616975
0.15260460157244543
-0.09918960915019305
-0.6255710013577311
0.8619922294445039
-0.14137966619533163
0.0020042548863170805
0.04241344226257375
0.22421934381488434
0.6220774432510906
-0.6401987636953502
-0.214133774633334
0.1434560481989112
0.3618048629779067
0.2802451017978546
-0.4217796035503477
-0.9493152029238068
0.47559712826871625
-0.1958191719695306
1.0525922362444904
-0.2170068082182367
0.06757967974397819
-1.3162040451015162
1.219409532021166
-0.8543606951633886
-0.17319057423188272
-0.25803929820511956
-0.3156804869344616
0.983064434145351
0.1607722164352618
-0.3738300051056119
0.00999236640059221
0.24943726277536954
0.11246682725658172
-0.2340296924513434
0.0559944599776604
-0.12749952683038693
0.013621096481713587
0.5698814701574383
-0.7718476058113397
0.07131862936517148
-0.1686876446615693
0.09256105590768143
