1.642728473506538
-0.9694944974425406
-0.021008283902340722
-0.6594554827261884
-0.2463578208411601
-1.2766962352569735
0.655602088830269
-1.3563146678748736
-0.5526750407588782
2.3973500095760256
-0.33993697251726657
-0.9923418696782356
0.17580710932398247
0.5698192007871183
-0.42147726989069106
-1.054734575875753
1.7494478954526718
-0.6323149113256068
0.8762781584908115
0.3694179279514814
-0.27420061774539206
-1.8018938330082417
-0.45206158828141574
0.024177985294790535
-1.1398290180024653
1.6430181553024903
-1.195627491380341
0.19304947195008207
-1.4798099661143818
-0.18074985503063207
0.44690462246660284
-0.8497575610988853
1.6048428909677177
-0.263177605659034
-0.1953382302602294
0.23720403203186677
0.4497329626103236
-1.246121098257829
-0.48138603109768124
-0.0879544908428149
2.965650330289869
-0.49519620125452973
0.20052450875551078
-0.4786406381652987
0.5484077170113495
0.5089408708130414
-0.4034744248135583
-0.3614507285451755
0.02413099361976291
0.47872048245963256
1.194066761118373
-0.37647719411035774
0.4997482374413986
-0.6680461158147841
0.34319188944513124
-0.5415874031424159
-0.4991747393577966
0.06522847466718852
-0.17930245892395494
0.11944907822400574
0.2529082417952412
-0.8659736512604087
0.26957892123503824
0.28625535339773833
0.10609582226908419
-1.0718919134639517
0.3290069780071713
0.3181890380176899
-0.07549540333839945
-0.03359674401789902
-0.5533030699504589
-0.7776467992463743
0.7832518743209058
0.3693971450505758
-0.15047777870892143
-0.017237308470154276
-0.4018448657222111
0.234846417092202
-0.36221207676781103
0.14471160043502182
0.8717945119833855
0.6575208402085972
-2.5925111343828764
0.030617371530379384
0.034646885567677456
-0.7588675806685404
0.47509961734357786
-0.29664534237263934
-1.012873663948483
0.955531066023127
0.23720412354051276
-0.6178020369072599
-1.0485256385073105
1.1887253558888748
-0.4878163834402732
-0.3351946808792152
0.44150717552331764
-0.4588931172503326
0.6595528591225979
-0.031826406510156224
-1.0261343604204378
-0.21529749038617177
-0.011635267146410208
0.2669328422827636
-0.19101074008023056
0.9117957113628556
-0.074239741727889
0.097127199374915
-0.5164877875117891
-0.6769305616130101
0.08655861850920143
0.47746069778317507
0.25393256658424523
-1.0349194078037507
-0.3998996664770654
-0.038093781930590084
0.16837630129810838
-0.3794328323855813
0.20990510603444068
0.2739040381659338
-0.7521520868223186
-0.3058553142984779
0.5226964267895664
0.10263745770777634
-0.2736697228003851
-0.930826577089313
0.9344354397253006
-0.6348634816697288
-0.9503260235279737
-1.116859093190874
0.6219261595300855
0.31751026879566774
0.31671322860213746
-0.6474349913980533
0.15050262501020245
0.26898121331008285
-1.0607664304199478
0.29587353482870765
0.06725170787821734
0.08814432558736261
0.2871131553679428
-0.2907646085696928
0.10982892592437604
-0.6999918789433031
1.4022152327255952
-0.6856982630837196
0.6505116483248651
-0.8596908079933478
-1.1246045151825534
1.3037848996982038
0.4017048010231321
-0.8393045114377107
-0.08336260955575012
0.31443758581397124
-1.3722480452726027
-0.7062456187006435
0.8721935945016372
0.55917481696417
-0.6288049346904478
-0.3511142137077077
0.7041513902315194
-0.5594770786390086
-0.7779966943943967
0.8584540581882026
-0.04597670602629185
-0.2521480036722404
-0.09008762323849955
1.0260445294029419
-0.3945001428148997
-0.008634513164671558
-1.9127262257752742
0.8724510365749513
0.3734809407217947
0.4684436766481715
-1.2380532780302576
0.23454148030271899
2.0210923019135727
0.34930416177408463
-0.6964228143381527
-0.9007190105696337
1.1827544825777192
0.4151448014734866
0.6647431717415477
-0.4136017229704019
-1.3996611165900723
0.060296598617737986
0.5261618513154566
-1.7659380142320003
-0.14933490761354143
-0.03829878620752719
-0.0956696978754911
0.1606543958222443
-0.8082686560002269
1.3426811084840755
0.32546889592410144
0.526802941724852
-1.317810534969628
0.19905441171502386
0.2303227334117264
0.2427373603945294
0.19225687341312148
-0.29505930343369385
-1.0044621681141903
1.7341067842443743
0.22399045958759248
0.12203209148419565
0.09290936784364334
0.45600209265990643
0.7116751116548556
-1.1856969154366013
-1.101574868649094
0.5961397618578389
0.8698193614997686
0.1522424626347742
-0.6956837732643534
-1.3025291337100102
0.3099603213685327
0.4384266269964047
1.6372327711248749
-0.6078489747201733
0.022123932645210526
-1.5590885987874796
1.2671480754725546
-1.0633366705912461
-0.42250654748463723
-0.24456980523210198
-0.13221056454332422
1.107263578576596
0.0004739211707523705
-0.5312884348880484
0.2756842871318337
0.26858199523768145
-0.05497045907597522
-0.7797425113495277
0.03332008539270623
-0.2784098730472121
0.058822525715899666
0.6085061772666859
-0.8499797497154159
0.16569841460800552
-0.22355033806054359
0.3858453898101644
