0.7364090943784274
-0.8322899107698427
0.2911032331999213
-0.4200932975159495
0.10407734124846181
-0.6210963483019928
0.3846424395841799
-0.44956739210209
-0.4257337612148724
1.1715330637394408
-0.25544490248375595
-0.26337547056784866
0.03993518358189406
0.33838260224702404
-0.16527089867340294
-0.5497364088696132
0.7687739029299725
-0.8698534180196318
0.5794496774362914
0.23595855244990477
-0.16540567233768966
-1.1215522953534214
0.021343868135308874
0.25599380180005116
-0.8628708686835214
1.2227353185788359
-0.970321192942468
0.3570440757118943
-0.5072111673396972
0.09432278114422779
0.23082835223964385
-0.987631750711177
1.3153283354367185
-0.176052887078492
-0.16287751403550405
0.26121394052167285
0.38998074510690567
-0.7825892528099095
-0.5594485186702278
-0.4690160862078714
2.487785270724837
-0.4430609388862436
0.20880398045487195
-0.1126136548524508
0.1923192315093573
0.16678780512353328
-0.1993727530812697
-0.14200594102991398
0.0648797248820556
-0.16070015126251003
0.4853761520109529
-0.3517708570099823
0.5597755336571203
-0.31183254387034687
0.025908705232581052
-0.20369514232682623
-0.2707232917170099
0.20034919477980914
-0.06696478717992888
0.13303538816903152
0.05232122636265471
-0.3082314948498627
-0.05360998704720342
0.04697670915815197
0.06935119246575555
-0.469570534284517
0.11239271248635091
0.017068176541778238
-0.027752247714857466
0.14893369725983363
-0.32377650119158297
-0.6912888433695149
0.3807493572180167
0.07998788136365055
-0.28524431405558465
-0.08926260837020449
-0.41486712364794653
0.2060941818742128
-0.06383032922256125
-0.08330648439575894
0.36471210594666
0.43521103636148745
-2.137909492912889
0.10454000127279729
0.3234537087186471
-0.40511296230089755
0.2152595935649986
-0.04049079648870282
-0.8490004683688016
0.6268689293296127
0.1380126819600927
-0.3348647557907075
-0.9301694915122881
0.7919958970476664
-0.3527432880478687
-0.2061198254004244
0.28319223270736876
-0.4454725328710294
0.6743074208636592
0.009778085645560786
-0.7903649546650807
-0.18127496920316438
-0.14005174711505947
-0.033754918370154985
-0.4659696776391831
0.585742792082842
-0.3202761156123754
0.252305858974929
-0.395689134916163
-0.5327671606687582
0.009307069997132898
0.2662925101680677
0.0499576173853763
-0.3025090125558517
0.06765256287123891
-0.0758713743190067
0.08059922724855698
-0.29571684297194173
0.025261312068790325
0.11626511147586363
-0.40942424512656217
-0.12484553512826758
0.20318792682231582
0.16500052386164893
-0.018715175855497354
-0.760466116320051
0.617316668040297
-0.34051726461216175
-0.5394593892383985
-0.850558915075004
0.8212132323510963
0.23036221919603547
0.026551067455073928
-0.3274681257308875
0.04817196320228125
0.18334234037008035
-0.7657570301439216
0.17005758237429064
0.04533684568282256
-0.10419416214769966
0.23906023000297436
-0.1207329396793244
-0.009108383107112547
-0.5983576022708768
1.3182437034802665
-0.47188813116805045
0.17595880384008603
-0.35661951705361994
-0.8246499705423617
0.6499801169191283
0.17185279499912984
-0.655470713916037
0.024894736809161398
0.31512348813748153
-0.7656799756974393
-0.47292534720156726
0.8471985962849895
0.4600249222575761
-0.47302435555409245
-0.3910897429787187
0.4781616394801103
-0.2039209399533681
-0.20895008509326665
0.4337146286942496
-0.05147365983673847
-0.1131266050364786
-0.026140436625723965
0.39264635042959645
-0.2822443528705436
0.11431894118000731
-0.8446240594016711
0.4619046293792035
0.0021160638626380266
-0.003174432828025835
-0.6580496408126923
-0.23384242780029138
1.6745607252712735
0.22295172740277563
-0.6742880345744956
-0.6992925121300511
0.9359720235721619
-0.0018431946217289858
0.13918640445586342
-0.0106739737719652
-0.7170510307311703
-0.06186963086505469
0.49720658846130555
-1.4250292016666466
0.05093960362369588
0.021670407727652323
-0.12347819226865077
0.1144384507755905
-0.592732874272277
1.0248280190764236
0.118502536717913
0.19767007769922645
-0.6337539328982411
0.11469175844126003
0.05057274350090282
-0.1926716644885365
0.27359145938675017
-0.1051184317845293
-0.6812234730901929
0.995802067047846
-0.15544806195866276
-0.03723720510108228
0.15007142381349425
0.1638735578331553
0.6127838698691069
-0.7966674409980934
-0.3591493604419196
0.18497931234746548
0.19968264384497553
0.20492623660157
-0.3043277701443781
-0.8198670517866176
0.5746742094952236
-0.16441266977318766
1.161494688340735
-0.3881403009678067
0.09180592368424505
-1.4066896638178112
1.285094078621762
-0.7344951432459554
-0.05757292700064507
-0.20518310625456407
-0.3329567205174744
0.914314624451966
0.060591500568184437
-0.3580862234915216
-0.0017850231555568707
-0.02145300283400887
-0.022016483453945242
-0.12399732773109326
0.12500548222965993
-0.10457548483528328
0.01443824787460212
0.6408111654160219
-0.6576746280660254
0.14566140040765185
-0.1546615692102633
0.06931726448109407
