1.576940688409527
-0.8985229867316217
0.10039100057242666
-0.5747127889116186
-0.08589328631542895
-1.2440997512453695
0.7092766553742718
-1.2845129050007724
-0.5303567888816044
2.1594396214795175
-0.333207773666745
-0.6843839804068884
0.13669171148486572
0.47959494365813243
-0.42071310398049144
-0.9885770325376978
1.6441876490064806
-0.6244839790933208
0.9223086597140768
0.479514671706727
-0.21340864933739773
-1.6560630213302021
-0.39401188753266575
0.04447028335156193
-1.0464199624382537
1.7063908009445055
-1.2255835443324548
0.07899505252771552
-1.4029457649180934
-0.17446407596637242
0.3667663025642912
-0.8656017929448809
1.585611751085664
-0.3605412571839981
-0.27858945199188345
0.17681033062813434
0.4038441438509215
-1.2205125842777849
-0.6212808435748856
-0.1670256980603428
2.8855044878071756
-0.4235051772951352
0.03309002358828487
-0.6209600892174554
0.5481868320268111
0.5031393713335623
-0.38913605316390204
-0.32427036937466197
-0.0008859043670248678
0.33754283838385435
1.1091592841317688
-0.4912030618452571
0.3807188923292961
-0.691122548459676
0.34132375828132305
-0.45890363043498433
-0.4636501503685725
0.14847392593265765
-0.10462364161124235
0.07530277435255701
0.2553958959383884
-0.5531423313959424
0.1849147593897166
0.16808384036556095
0.03724384425196193
-0.9331727776055616
0.24205765228937381
0.2662350951219079
0.008717555458527471
0.005646866049417423
-0.5253624547236369
-0.7957664894050207
0.5850465150766665
0.3304488008528183
-0.1046111846041277
-0.021255280458485012
-0.42131038755343353
0.16751045510418447
-0.4363330653216938
0.11051947521761538
0.7573266123741179
0.4867936375909983
-2.6477807343280886
0.01572063232576295
0.14727638272002794
-0.7197232949724283
0.4725562582363626
-0.14252285386426786
-1.169558075710475
0.6970849405259443
0.04314706653317518
-0.6856546053996213
-1.071642135042951
1.0939360923104975
-0.5226323695505202
-0.4058521453276166
0.4497862462915782
-0.4406414212230502
0.6707314380062344
-0.024615014142779584
-0.9991625388483935
-0.10151535479475457
-0.09560064533870766
0.17362746473907392
-0.18414376238482594
0.8348338631059211
-0.1526062335509521
0.16945689661900748
-0.45090982185272416
-0.6088841090314134
0.13267809435241584
0.4719166913109317
0.1435552805247407
-0.8526173232698777
-0.28686758896021414
0.0367944728749551
0.18451329577802902
-0.43538099977992784
0.23332019268349902
0.27240733008189444
-0.7264995958770126
-0.33959186348545684
0.5037869406165761
0.011563206071116484
-0.39789033955864994
-0.9812772896595138
0.8654841060615114
-0.5028661703034067
-0.8594630632548492
-1.0415172039015053
0.7021997949756654
0.38701291671723426
0.3891298794584383
-0.5630512176577561
0.04708989865307661
0.26980654458333325
-0.9394600420738556
0.4192850824088299
0.23424986728940211
0.13739365791193697
0.22269366247828604
-0.38666015556070504
0.05692244730603204
-0.8246108122233308
1.2920834809999522
-0.7505458769160747
0.37369087293664704
-0.9851806769099366
-1.1241231515528431
1.2095383745266302
0.4173075429659788
-0.839870207321954
-0.05092957959708067
0.34204184989239983
-1.3022329839958562
-0.791776575002357
0.8300908856084708
0.5979608062819652
-0.5721571958287894
-0.39002922322608613
0.6005949314257212
-0.49244298496042055
-0.838818891988517
0.7196915938214359
-0.20683457501319957
-0.2533558595312014
-0.2033101482662704
0.8534240216215611
-0.4991365785643335
0.29455712929257305
-1.8433750307519987
0.7600154287304184
0.3918381306582286
0.3333174247656179
-1.228602508537656
0.27626950567889014
2.0410842181084288
0.3602419369548152
-0.6842774739954781
-0.882836551974153
1.1808480467071383
0.29342066708592557
0.5304310307359774
-0.3361525180725638
-1.305286730600021
0.0761390584634262
0.7349084729071853
-1.6689276470020773
0.04915472618239697
-0.07024590806948745
-0.05665311669391306
0.12757656425137606
-0.7143895144082016
1.2824291689065546
0.274735370377207
0.4189355494711286
-1.1365137656658648
0.145363911143606
0.13606395726594284
0.1547762547322129
0.22303739988304735
-0.27874794184427626
-0.9562059343704199
1.6759620415433838
0.1297200757408401
0.057795629458358366
0.048983072083046794
0.4641492162346278
0.763544859711363
-1.071909282700318
-0.9060962810276877
0.4141372044978339
0.6228421392621566
0.1266496537193343
-0.7152247074025623
-1.4648259824926775
0.20595279967083435
0.3289261163148782
1.6026427185193293
-0.5660274831344401
0.04268776860271392
-1.555129638609351
1.216116632817017
-1.0512018151941382
-0.3689598609999339
-0.2147917852611292
-0.004817527742511651
1.1502875064301623
0.07158925852410244
-0.5222593624334353
0.1767889780392717
0.16846341703484985
0.10569897421989938
-0.8064785474356616
0.21997315175659982
-0.19259060072485887
0.0989979927180054
0.583696841814494
-0.9061598421777446
0.28447359960930463
-0.14452211934080203
0.32283535416302156
