1.7210549330761569
-0.9323595707430169
0.07245922842640078
-0.5799764344916497
-0.10684604961399873
-1.1179889805748169
0.7631402683040729
-1.1584354001811576
-0.5378367284264851
2.2389005912865025
-0.37991008778608415
-0.7633929222062784
0.16464248584510366
0.5101823826091968
-0.4560370858714063
-1.0850961775441599
1.593045800941806
-0.73385951429257
0.7036099873782234
0.24483719360206968
-0.29497752198758836
-1.718396497062904
-0.4117576270628053
0.016323821252241896
-1.1801896540887156
1.5471599052646754
-1.1900393350297183
0.17817621251777524
-1.3388239898567633
-0.1830569521261765
0.3052905994873695
-0.9183397771882017
1.542869214482973
-0.3472583200200826
-0.2430968879722136
0.22003502790226914
0.459003789886466
-1.2556841189566774
-0.5280414615031916
-0.12162968303723926
2.9379023217466056
-0.5402188718228799
0.10302222233913634
-0.4603078058869054
0.5821222766226574
0.520720275912225
-0.32954105147268997
-0.3210131202146843
0.028076655742440098
0.3599653794969492
1.159756801784119
-0.34161419555696293
0.5428144386508866
-0.6635479608621669
0.43567068390297814
-0.4776658986234794
-0.5042202314135803
-0.010284080229364117
-0.1255289424725457
0.0827286364595763
0.31748701049949396
-0.7009963423673795
0.40044344874093674
0.2829322026240891
0.21209190955360036
-0.8980424961265223
0.15419866053254214
0.29584627915696954
-0.14917215916344614
0.033963698082392024
-0.4988013374081662
-0.7452367818029301
0.794894252065999
0.2798487581801985
-0.14984966872452174
0.035410399562374836
-0.44543930435681534
0.18386945159335003
-0.344993941474167
0.3667805785672305
0.8469730064057883
0.5815059655310296
-2.537802903517352
0.10421013766964034
0.23204982037783495
-0.624182568058371
0.48173322967657695
-0.26259122244493993
-1.119332770049695
0.7690106692093974
0.17713902301471665
-0.6008156510709449
-1.0142986908079115
1.20374971935662
-0.4898667184808763
-0.36477804306920797
0.4341055376080285
-0.442646606864749
0.6854922715324888
-0.00759375440454137
-0.9780633823845415
-0.18868248540220986
-0.0577195572881572
0.19076201032954182
-0.22234953174631972
0.9123641794164566
-0.056335758294300466
-0.005457519839298457
-0.5425713361905169
-0.7234713112616338
-0.09746660473489559
0.32443558673942924
0.22643660334154966
-0.7673565914930102
-0.28582201358956316
-0.17123356404815426
0.1295410055921809
-0.22531356634647726
0.14460604555684628
0.2626036745109361
-0.8012725550929807
-0.29886254895514314
0.4393397015520464
0.10220958045389031
-0.2483182840864718
-0.9354545817604053
0.8660577546925857
-0.5357658642316556
-0.9130949504486723
-1.0853631079292305
0.66349674198947
0.30415700434436804
0.45112341480461005
-0.45875050614383994
0.0807203169875931
0.24580145652451546
-1.0047635619602844
0.33661027702525254
0.009135887238629672
-0.00020102060530741373
0.26992454740032196
-0.22285430664456019
0.13753328541438836
-0.767435820850819
1.3921601477699346
-0.6410599608750807
0.590887319628769
-0.9414450145105211
-1.0561417490020746
1.3054446807728695
0.42947105448038103
-0.7334738694119558
-0.10291993842821945
0.4289178912622716
-1.3225511656929576
-0.6586369708158922
0.8871464455097433
0.5254893269225546
-0.5817986751267948
-0.4179626829117069
0.6162265103647374
-0.5300826634412988
-0.7900086969913087
0.7083969592550363
-0.07961359472981984
-0.26911186892904804
-0.13565517382590342
0.9826650881208869
-0.2800861874797437
0.09227821916572963
-1.8784045650027141
0.7692531843833537
0.36851534888757137
0.32425650116610605
-1.1401094692872782
0.23302707018490915
2.0106206937232964
0.3597376646761635
-0.6766120860661615
-0.8855435242245672
1.1608758308788434
0.3421735128591108
0.5140509447995559
-0.44583712398805964
-1.3938820021285554
0.12056873653649144
0.7163027809897123
-1.667775843511067
-0.004146512304206547
0.13049448150877802
0.09558306328251388
0.2642039993154438
-0.9251534603467448
1.222011243216975
0.2598911390702443
0.3904426393634863
-1.3013747267044653
0.17989165624611853
0.22415219764045433
0.14654365263302563
0.266637371621285
-0.1795990709343313
-1.0290375777363567
1.6698812510732213
0.07388674557089193
0.08005660332500263
0.12104001328008371
0.4167155110465939
0.6480576579079406
-1.16581774451702
-0.9206868565447809
0.6014118770581605
0.7696888326456383
0.14610934643751672
-0.6966845746540712
-1.3855590154221828
0.24965800594130005
0.39070291413002856
1.5975476029982352
-0.4055963561787494
0.22995827009706157
-1.4301175683661658
1.4164080043619314
-0.9202248135368941
-0.4415240876271163
-0.28765885404935604
-0.1605243695395566
1.0954542806998304
-0.0610311891924117
-0.5257220173841544
0.38556149660809425
0.27280405594779006
0.02198837409700571
-0.719520337356807
0.23115955531810634
-0.3205149202559094
0.0345074757608731
0.5817642695437016
-0.868795616518154
0.1806030304825258
-0.16648050147504376
0.39266903692549654
