1.5700030003765082
-0.9777563384162093
-0.03979200400404245
-0.6613597887112147
-0.3666340191191644
-1.2662369198883845
0.48300246949922476
-1.2451697052187347
-0.6144480069593166
2.1163467571504766
-0.4295298119229063
-0.8064665975019218
0.17078814939966275
0.5080974624353127
-0.4826404420918526
-1.0369656711500617
1.5665264013448925
-0.6952800005224631
0.8553180563137067
0.36350512649974986
-0.24372557692232427
-1.6946397512354345
-0.43181653197056413
0.00014515099693588107
-1.1037954251701563
1.5448620054126787
-1.1380904175170223
0.27857403771520806
-1.2601860137547065
-0.14298526216951446
0.4667396992454313
-0.8484655942386615
1.6097366087704783
-0.3249110967592713
-0.1983706782059912
0.24943816832522664
0.4610180921436897
-1.253046135467388
-0.6522341290610615
-0.1508156518790808
2.894128201636147
-0.5548454479418595
0.14792782760355838
-0.36193724231436586
0.40527725518625807
0.4017184584853293
-0.44862132938611166
-0.3873741723712434
-0.020408648713453728
0.3327007654130767
1.0577804622746898
-0.5586143285303726
0.29394473222818523
-0.6340467985648387
0.0795683411581094
-0.5509686433373648
-0.4883802139624852
0.22984631177853934
-0.13291194788168995
0.14502117305115647
0.37567667288706164
-0.48404107093006504
0.27673348981829404
0.11853961185166603
0.03999293387914929
-0.9823185873708081
0.22601262153689763
0.17038469784163232
-0.0724684251370536
-0.07482274834202167
-0.5786026065639699
-0.8408468864627497
0.5818802072721531
0.318071702168856
-0.16091372393073702
0.05136302567550036
-0.36522686378034913
0.22564617467882958
-0.43091605170026226
0.017426763219390382
0.7499180875748063
0.5866884523397168
-2.560844142652621
0.12586470156197624
0.25552835373384414
-0.47736624815178513
0.4717539735174829
-0.25860475984970027
-1.1652023797316586
0.6958522154039324
0.1728699931843816
-0.7184455698645636
-1.075213032956537
1.084717512658246
-0.45682967257500506
-0.3062467343062081
0.4859427663873761
-0.38503806146152797
0.7098657833510349
0.02401542078274551
-0.9723689798808052
-0.21770844239059955
0.004247608654473973
0.10518294908396968
-0.22434704234353073
0.8446255774493184
-0.07999583086011249
0.16030915015698743
-0.48970877730928924
-0.6820923930790598
0.029328862580324567
0.38783865988131877
0.1844954476662705
-0.7654767307229808
-0.23598441773217782
0.05254287310379948
0.19163310137647777
-0.37742428690980007
0.009195738670616422
0.32684847605184086
-0.7165995668289545
-0.250850308059178
0.522837974287205
0.1435803598984336
-0.3079253628609452
-0.9489874961101026
0.8812338152383268
-0.6503661417986977
-0.8719027708908197
-1.037635661670643
0.755373267887146
0.4795118919919546
0.4592271626392898
-0.49445640151623926
0.08993312207547728
0.1787699186266115
-1.0468522275417012
0.23106181612629104
0.10689418847559541
0.19199837456010638
0.3615848473668123
-0.07204033888595882
-0.051851181774344425
-0.8063864935973012
1.3637856741290892
-0.7066020329894351
0.4786903308306071
-0.9763689677833143
-1.2132118259743374
1.0936285951841893
0.3866496913228643
-0.714374561631929
-0.0333353765341726
0.34084800398671605
-1.333436435117415
-0.6523055167021645
0.9035333930961099
0.6351650224603321
-0.5437528643420441
-0.39413098070311114
0.6315150068254423
-0.4831868914191777
-0.6704337297180417
0.9059653478347787
-0.06049660544461134
-0.27745949790481633
-0.28359991046728344
0.8767403503308688
-0.4137272148276485
0.08468291497362557
-1.70822300321165
0.8870146921212381
0.3835790805767612
0.4477150601106241
-1.0889735358025394
0.27875907213735723
2.026298338703405
0.3605205998359797
-0.6669250699225838
-0.7812316105817506
1.2020169859149956
0.4049951501109764
0.6389808338242795
-0.3611707527318051
-1.3296814644254524
0.17118577417326641
0.5170771803343921
-1.7325034752654824
-0.1907355878387608
0.023636376178154412
0.01313056369298583
0.23813417943615112
-0.7225094261656503
1.29341037908183
0.2735088719998423
0.4637966805828843
-1.1235118133560729
0.16432836247217342
0.18125886366857968
0.10947325760122245
0.20188920442875202
-0.19545794786554158
-0.9774624582334581
1.6628669121514148
0.05973237698066164
-0.030515444229291352
-0.042147313639092944
0.43938370701524343
0.7322021759305777
-1.1317016563173343
-0.8102124515348268
0.5413847948349246
0.8962813298646295
0.14884968533005155
-0.6641849089658061
-1.2886473300168542
0.31059213028431637
0.29763913695143035
1.560954867962505
-0.40724357807185707
0.03460679328395225
-1.4778133499173791
1.37127681172532
-0.9514157918765609
-0.35359390415813385
-0.3139424765636265
-0.16043158980500485
1.0930300291631305
0.006110384020271611
-0.4814105131786437
0.33176770413296836
0.16053223113050358
-0.05573426996154853
-0.6512835001934172
0.15544534001125868
-0.31888591152174284
0.08667782002589332
0.6453223736848714
-0.8093749530015859
0.21293515887830541
-0.25376076409344056
0.26755250015967325
