# Mean residuals and ratios for the PSD approximation
# f, mean_res, mean_rat
6.854009595613429e-5	-6.845511570791051e-17	1.0
6.945709180461409e-5	0.00010406582468453903	0.9991381764585457
7.038635611251765e-5	0.0002195922359001413	0.9981680541191644
7.132805301918827e-5	0.0003430203178599452	0.9971141952620795
7.228234885998492e-5	0.00047090365362254807	0.9960014585609298
7.324941219566213e-5	0.0005999525250489156	0.9948546311883595
7.422941384214371e-5	0.0007270745739286803	0.9936980649783438
7.522252690069412e-5	0.000849410981893391	0.9925553256144399
7.622892678849472e-5	0.0009643674163299904	0.9914488630059236
7.724879126962788e-5	0.0010696392018879491	0.9903997098960426
7.828230048647633e-5	0.0011632303992213642	0.9894272144002164
7.932963699154176e-5	0.0012434666914985916	0.9885488106883583
8.039098577969066e-5	0.0013090021833981082	0.9877798304978628
8.146653432083023e-5	0.0013588203972782877	0.9871333566789916
8.255647259302129e-5	0.0013922298999883953	0.9866201186082979
8.366099311603583e-5	0.0014088551071586319	0.9862484281177937
8.478029098536185e-5	0.001408622888260142	0.9860241536188992
8.591456390666404e-5	0.0013917456361895951	0.9859507293738503
8.706401223070468e-5	0.0013587014725583717	0.9860291963876903
8.822883898873325e-5	0.001310212238702372	0.9862582711512399
8.940924992834793e-5	0.0012472198781003263	0.9866344384372149
9.060545354983794e-5	0.0011708617542751341	0.9871520645060847
9.181766114301091e-5	0.0010824453752613205	0.9878035273789976
9.304608682451493e-5	0.000983422916931919	0.9885793612424022
9.429094757565819e-5	0.0008753658578983718	0.9894684125234329
9.555246328073456e-5	0.0007599399626089181	0.9904580056786094
9.683085676586375e-5	0.0006388807801618073	0.9915341172367054
9.812635383834913e-5	0.0005139697669011977	0.9926815570982985
9.943918332656326e-5	0.0003870110929931434	0.9938841564931227
0.00010076957712036591	0.0002598091581004212	0.9951249623098913
0.00010211777021206482	0.00013414681956666505	0.996386437723401
0.00010348400073792249	1.1764328197324941e-5	0.9976506691375919
0.0001048685100202189	-0.00010566102871832789	0.9988995794318906
0.00010627154260987789	-0.00021653456104105768	1.0001151473372367
0.00010769334632966215	-0.00031936304304895055	1.0012796324795874
0.000109134172317948	-0.0004127727358252242	1.0023758052184628
0.00011059427507308411	-0.0004955264445235693	1.003387179890569
0.00011207391249834473	-0.000566539445063012	1.0042982494628039
0.0001135733459474845	-0.0006248940692773491	1.0050947189340511
0.00011509284027090151	-0.0006698526951770523	1.0057637341342929
0.00011663266386241966	-0.0007008688534628776	1.0062941018963
0.00011819308870669516	-0.0007175961364955716	1.006676496965447
0.00011977439042725908	-0.0007198945851370555	1.0069036505183948
0.00012137684833520085	-0.0007078342353594048	1.0069705148334633
0.00012300074547850486	-0.0006816955326665379	1.006874398541804
0.00012464636869204538	-0.0006419663695563148	1.0066150670313543
0.00012631400864825216	-0.0005893355695423426	1.0061948030032957
0.00012800395990845203	-0.0005246827292295412	1.0056184229073015
0.00012971652097489928	-0.0004490644345762137	1.0048932460006148
0.00013145199434350035	-0.0003636969842008542	1.0040290140591257
0.00013321068655724523	-0.00026993587546991944	1.003037761266338
0.0001349929082603535	-0.00016925243119050807	1.001933635447759
0.0001367989742531438	-6.320805857782626e-5	1.000732673518068
0.00013862920354763912	4.657326959797731e-5	0.9994525356691446
0.000140483919423914	0.0001584336458105082	0.9981122043499335
0.00014236344948719777	0.00027071025627243975	0.9967316553803185
0.00014426812572573957	0.000381764075610095	0.995331509520982
0.0001461982845694497	0.000490007511387772	0.9939326734309645
0.00014815426694932344	0.0005939303288534771	0.9925559791512037
0.00015013641835766192	0.0006921232613554357	0.9912218310519126
0.00015214508890909687	0.0007832988103040508	0.9899498685978699
0.0001541806334024329	0.0008663088538870136	0.9887586523691118
0.00015624341138331744	0.0009401588087246565	0.9876653795935375
0.00015833378720774753	0.0010040182158281526	0.9866856340872141
0.00016045213010642867	0.0010572277445575426	0.9858331740455353
0.00016259881424999189	0.0010993027196555675	0.9851197596717064
0.0001647742188150864	0.001129933372042102	0.9845550212477355
0.00016697872805135358	0.0011489820905914128	0.9841463670127749
0.00016921273134929958	0.0011564780078572319	0.9838989291647722
0.00017147662330907362	0.0011526092874209043	0.9838155454750537
0.00017377080381016896	0.0011377134952812939	0.9838967734162903
0.00017609567808205361	0.0011122664345717631	0.9841409333507765
0.000178451656775749	0.0010768698047027411	0.9845441771918438
0.00018083915603636348	0.0010322380160358868	0.9851005790121767
0.00018325859757659807	0.0009791844528005298	0.9858022442949592
0.00018571040875123567	0.0009186074334902375	0.986639434870622
0.00018819502263262502	0.0008514760725055472	0.9876007070153079
0.00019071287808717732	0.0007788162020453168	0.9886730606686924
0.00019326441985288335	0.000701696471471694	0.989842098223395
0.0001958500986178706	0.0006212147043967117	0.9910921918131028
0.00019847037110000843	0.0005384845629310312	0.9924066584529604
0.00020112570012758148	0.0004546225448370781	0.9937679427396497
0.00020381655472103902	0.00037073532329690175	0.9951578070783859
0.00020654341017584138	0.00028790743084418813	0.9965575295545844
0.00020930674814641172	0.00020718928860912877	0.9979481095959764
0.000212107056731213	0.00012958558897856537	0.9993104814696158
0.00021494483055896322	5.604405339603212e-5	1.0006257354244616
0.000217820570876002	-1.255539364363199e-5	1.0018753459262488
0.00022073478563482932	-7.541096954936036e-5	1.003041405946836
0.00022368798958382526	-0.0001318088059149028	1.0041068656795422
0.00022668070435817358	-0.00018113202853622967	1.0050557733790446
0.00022971345857199837	-0.00022286899840516408	1.0058735152995346
0.0002327867879117368	-0.00025662054272048974	1.0065470509665682
0.0002359012352307576	-0.00028210598599816175	1.00706513931206
0.00023905735064524901	-0.00029916777989050854	1.0074185505787694
0.0002422556916313861	-0.00030777452842005855	1.0076002584146564
0.0002454968231238015	-0.0003080222147383287	1.007605606282031
0.0002487813176153703	-0.00030013345745074	1.0074324422508658
0.00025210975525833236	-0.0002844546595216215	1.0070812164698484
0.00025548272396676725	-0.0002614509604502999	1.006555036139889
0.00025890081952043806	-0.0002316989614991132	1.0058596736601741
0.00026236464567002825	-0.00019587726198513132	1.005003524764735
0.000265874814243782	-0.00015475491882951156	1.0039975148809248
0.000269431945255576	-0.00010917801774837892	1.0028549535617288
0.00027303666701443267	-6.005461822256347e-5	1.001591338592373
0.0002766896162355025	-8.338401091489188e-6	1.0002241131537861
0.00028039143815252767	4.4988597113619356e-5	0.9987723811382521
0.00028414278663181376	9.893373894404546e-5	0.9972565872529178
0.0002879443242877229	0.00015251158379254754	0.9956981698203258
0.00029179672259971464	0.00020476128022961268	0.9941191951139071
0.0002957006620309524	0.0002547631221450108	0.9925419825964461
0.00029965683214849424	0.0003016538743111225	0.9909887305351243
0.00030366593174509617	0.00034464052567169926	0.9894811511521879
0.00030772866896263985	0.00038301219413893855	0.9880401237685081
0.00031184576141721676	0.0004161499807254048	0.986685373367046
0.0003160179363258808	0.0004435346488725314	0.9854351807212256
0.00032024593063510195	0.0004647520823365354	0.9843061287885913
0.0003245304911509332	0.0004794965478197478	0.9833128885557383
0.00032887237467092413	0.00048757185323378214	0.982468046024516
0.0003332723481177947	0.0004888905464582611	0.9817819706316359
0.00033773118867490043	0.0004834713410857656	0.9812627241571912
0.00034224968392351026	0.00047143498424818996	0.980916008149457
0.0003468286319819174	0.0004529987974079056	0.9807451471012145
0.0003514688416464168	0.0004284701249116246	0.9807511040666625
0.0003561711325341628	0.0003982389186523637	0.9809325251028632
0.0003609363352279441	0.0003627696722450245	0.9812858088360547
0.00036576529142288966	0.00032259289677125086	0.9818051975629275
0.0003706588540751433	0.00027829630450400635	0.9824828865657531
0.0003756178875525215	0.00023051583910643184	0.9833091487086564
0.00038064326778719293	0.0001799266624571393	0.9842724718523841
0.00038573588243039433	0.00012723418108625336	0.985359707137116
0.0003908966310092228	7.316517054247738e-5	0.9865562267029057
0.0003961264250855199	1.8459034900413784e-5	0.987846089911403
0.000401426188416885	-3.6140778164274814e-5	0.9892122175734073
0.00040679685711984343	-8.989519823436883e-5	0.9906365740489562
0.00041223937983519336	-0.00014207778723947207	0.9921003573502518
0.0004177547178955708	-0.0001919828286515988	0.9935841975258642
0.0004233438454952499	-0.00023893324717453362	0.9950683636256441
0.00042900774986222214	-0.00028228834707669714	0.996532979431139
0.0004347474314325703	-0.00032145134485740673	0.9979582478837675
0.0004405639040271826	-0.0003558766559747019	0.9993246837548307
0.00044645819503082423	-0.0003850768768178983	1.0006133535867812
0.0004524313455736116	-0.00040862938309679336	1.0018061213100382
0.0004584844107149076	-0.00042618244564396817	1.0028858972280252
0.00046461845962968227	-0.00043746074574843623	1.0038368872970962
0.0004708345757973661	-0.000442270156132247	1.0046448388479312
0.00047713385719322604	-0.00044050164216344025	1.0052972781480394
0.00048351741648230837	-0.00043213413243568875	1.0057837345447538
0.000489986381215969	-0.0004172362098383112	1.0060959454102438
0.0004965418940310412	-0.0003959664847965171	1.0062280357905165
0.0005031851128516593	-0.0003685725321592989	1.0061766665897822
0.0005099172110937912	-0.0003353883023769314	1.0059411453411082
0.0005167393778724994	-0.000296829955620472	1.005523494150272
0.000523652818211982	-0.0002533901131279808	1.0049284702602435
0.0005306587532584175	-0.0002056305713987144	1.0041635358539778
0.0005377584204956635	-0.00015417357935791103	1.0032387751547283
0.0005449530739638351	-9.969183326800674e-5	1.002166758534745
0.0005522439844808113	-4.289739568731254e-5	1.000962355122885
0.0005596324398667067	1.5470210111296897e-5	0.9996424972124068
0.0005671197451713393	7.465644316635895e-5	0.9982259015073115
0.0005747072229047511	0.00013390441441966225	0.9967327538050805
0.0005823962132708033	0.00019246746180557787	0.9951843650001205
0.0005901880744039058	0.00024962131393014306	0.9936028072298532
0.000598084182608905	0.0003046755436875255	0.9920105395204466
0.0006060859326041902	0.0003569840442702675	0.9904300323987473
0.0006141947377680427	0.0004059543018855062	0.9888834006267911
0.0006224120303882913	0.0004510552893246775	0.9873920525207003
0.000630739261915298	0.000491823859173063	0.9859763632959953
0.0006391779032183348	0.0005278695715856626	0.9846553786144627
0.0006477294448453905	0.0005588779460385851	0.9834465530819436
0.0006563953972864476	0.000584612176507895	0.9823655269540252
0.0006651772912402902	0.00060491339290424	0.9814259428340573
0.0006740766778848721	0.0006196995867336756	0.9806393027732215
0.0006830951291513122	0.0006289633449951165	0.9800148649670941
0.0006922342380015451	0.0006327685530621463	0.9795595782322846
0.0007014956187096973	0.0006312462351217502	0.9792780516672731
0.0007108809071472165	0.0006245897005192537	0.9791725563628159
0.0007203917610718272	0.0006130491572939468	0.9792430557233456
0.0007300298604203414	0.0005969259416971901	0.9794872608737161
0.0007397969076053968	0.0005765664960609768	0.9799007077274331
0.0007496946278161558	0.0005523562085040199	0.980476852549693
0.0007597247693230338	0.0005247132079963812	0.981207183224027
0.0007698891037865047	0.0004940821884647397	0.9820813438868874
0.0007801894265700312	0.00046092831693049047	0.9830872710934266
0.0007906275570571913	0.0004257312639499123	0.9842113401849713
0.0008012053389730376	0.00038897938048690226	0.9854385210124436
0.0008119246407097668	0.00035116403422168175	0.9867525426025135
0.0008227873556567346	0.0003127741104398913	0.9881360667092347
0.0008337954025348981	0.00027429067815801244	0.9895708704533197
0.0008449507257357203	0.0002361818209883929	0.9910380383963563
0.0008562552956646214	0.0001988976342705882	0.9925181644159173
0.0008677111090890127	0.0001628653949190072	0.9939915636302533
0.0008793201894909962	0.0001284849178693818	0.9954384943649478
0.0008910845874247812	9.612412244809152e-5	0.9968393897603071
0.0009030063808788758	6.611484282540029e-5	0.9981750980952752
0.0009150876756431364	3.8748928228441026e-5	0.999427130267857
0.0009273306056807136	1.4274689967202656e-5	1.0005779121463265
0.0009397373335049897	-7.1062373252357035e-6	1.001611038722996
0.0009523100505615439	-2.524154445441366e-5	1.0025115262030084
0.0009650509776152422	-4.003032516466272e-5	1.0032660573934133
0.0009779623651424922	-5.142449941578319e-5	1.003863215076027
0.0009910464937287603	-5.942950230834899e-5	1.0042936975087666
0.0010043056744713924	-6.41041664454008e-5	1.0045505098604957
0.001017742249387839	-6.555973878640322e-5	1.0046291252953319
0.0010313585918293275	-6.395799160009716e-5	1.0045276096253164
0.001045157106900079	-5.950841049714814e-5	1.0042467039717178
0.001059140231882133	-5.2464469859441866e-5	1.0037898607223694
0.001073310436665847	-4.311903603291654e-5	1.003163229230217
0.001087670224186171	-3.17989698430759e-5	1.0023755891274608
0.0011022221308647395	-1.8859030529742475e-5	1.001438230768306
0.0011169687270579003	-4.675211190205379e-6	1.0003647840792786
0.0011319126175107145	1.0362340560166712e-5	0.9991709988925098
0.0011470564418170535	2.5856645360531828e-5	0.9978744815604172
0.0011624028748858286	4.141127653733342e-5	0.9964943941971445
0.0011779546274134813	5.6637621968558315e-5	0.9950511241704644
0.0011937144463627738	7.116184485485798e-5	0.9935659324021601
0.0012096851154479993	8.463137835249316e-5	0.9920605895759096
0.001225869455626683	9.672080935384066e-5	0.9905570094763895
0.0012422703255978499	0.00010713703251176421	0.989076888399725
0.0012588906223069765	0.00011562358520277693	0.987641358918348
0.0012757332814576795	0.00012196410565393229	0.9862706653116053
0.0012928012780302695	0.0001259848880569323	0.9849838667628492
0.0013100976268072225	0.00012755653843714494	0.9837985730598857
0.0013276253829057026	0.00012659476187444098	0.9827307161075135
0.0013453876423171877	0.00012306033427116322	0.981794359151335
0.001363387542454336	0.00011695832950547216	0.9810015442955096
0.00138162826270515	0.00010833668516543172	0.9803621777326106
0.0014001130249945669	9.728419716688274e-5	0.9798839511337388
0.0014188450943535638	8.392803576538584e-5	0.9795722968973891
0.0014378277794958611	6.8430873369924e-5	0.9794303744347537
0.001457064433402365	5.0987708910981605e-5	0.9794590843725174
0.0014765584539134051	3.1822465157209064e-5	0.9796571074636095
0.0014963132843289185	1.1184425187787632e-5	0.9800209650869569
0.0015163324140166409	-1.0655436940891296e-5	0.9805450984562372
0.0015366193790284583	-3.340818766756263e-5	0.9812219640106101
0.0015571777627249811	-5.677069476190397e-5	0.9820421428908153
0.0015780111964084976	-8.042939458506804e-5	0.982994462876886
0.0015991233599643717	-0.00010406405115823101	0.9840661316451742
0.0016205179825110486	-0.00012735149888408294	0.9852428806617959
0.0016421988430587293	-0.00014996936512725532	0.986509119438953
0.0016641697711768772	-0.00017159977098302678	0.9878481002154104
0.0016864346476706531	-0.000191933008405336	0.9892420933615214
0.0017089974052663852	-0.0002106711894731859	0.9906725739347841
0.0017318620293062335	-0.00022753185908581797	0.9921204198106137
0.0017550325584521221	-0.00024225155601884934	0.99356612167465
0.0017785130853991166	-0.00025458929936537147	0.9949900048838288
0.0018023077575983174	-0.0002643299683418331	0.9963724627840155
0.0018264207779894537	-0.0002712875337665306	0.9976942005213314
0.0018508564057432499	-0.00027530808981627235	0.9989364877173585
0.0018756189570137524	-0.0002762726256095051	1.0000814176206283
0.0019007128057006947	-0.0002740994684834492	1.001112169530727
0.001926142384222082	-0.00026874632528471853	1.0020132704600526
0.0019519121842971091	-0.0002602118453151099	1.0027708512013052
0.0019780267577395377	-0.0002485366294323558	1.003372891262353
0.0020044907172617143	-0.00023380361473298623	1.003809446573371
0.002031308737289315	-0.000216137773578768	1.0040728535217454
0.002058485554787022	-0.00019570507955251812	1.0041579027811294
0.0020860259700952147	-0.00017271071102455067	1.0040619766132823
0.002113934847777889	-0.0001473964848286115	1.0037851438615628
0.002142217117481884	-0.00012003753720626315	1.0033302077282662
0.002170877774807643	-9.093829550205441e-5	1.0027027026173188
0.002199921882191585	-6.04278106638614e-5	1.0019108377873567
0.0022293545698003213	-2.8854545869742374e-5	1.000965387232162
0.0022591810364367975	3.41926100937847e-6	0.9998795270015506
0.0022894065504585853	3.602352535515588e-5	0.9986686229961597
0.0023200364507084585	6.858638591366274e-5	0.9973499740095036
0.002351076147457396	0.00010074026277182164	0.9959425163462765
0.0023825311233602346	0.00013212774968934536	0.99446649762584
0.002414406934424075	0.00016240719486977374	0.9929431283103453
0.002446709210989676	0.00019125783812199053	0.9913942200307443
0.002479443658725943	0.00021838439155865083	0.9898418199012611
0.002512616059637762	0.00024352097422253115	0.9883078497239443
0.002546232273087275	0.00026643433683497123	0.9868137583272006
0.0025802982368288607	0.00028692633965236245	0.9853801943158095
0.0026148199680579255	0.0003048356726754873	0.984026705311048
0.0026498035644737486	0.00032003883182632985	0.9827714684142511
0.002685255205356549	0.00033245038608304745	0.9816310552221188
0.0027211811526589376	0.00034202258815014457	0.9806202333399013
0.0027575877521120065	0.00034874439457144367	0.979751805050457
0.002794481434346181	0.0003526399701227282	0.9790364826607983
0.0028318687160271043	0.00035376675598968794	0.9784827991033382
0.0028697562010066794	0.00035221318201891647	0.9780970516413575
0.002908150581489553	0.0003480961007695654	0.9778832760245191
0.0029470586392151615	0.00034155801584296203	0.9778432481556177
0.002986487246655638	0.00033276416972485617	0.9779765102464557
0.0030264433682296987	0.0003218995478350291	0.9782804185337016
0.003066934061532816	0.00030916584629165874	0.9787502098639156
0.0031079664785838078	0.0002947784416433257	0.9793790848060262
0.0031495478670881326	0.000278963391990895	0.9801583053747829
0.0031916855717180888	0.00026195449091296176	0.981077305915166
0.003234387035410107	0.00024399038872608103	0.9821238161724947
0.003277659800679452	0.00022531179007083169	0.9832839960255328
0.0033215115109524545	0.00020615873275361252	0.9845425817621375
0.003365949911916626	0.00018676795025627545	0.9858830441041969
0.0034109828528887816	0.00016737031935281456	0.9872877584187021
0.00345661828820152	0.00014818839478642675	0.9887381876664462
0.003502864278608197	0.00012943403484889303	0.9902150786241775
0.0035497289927067578	0.00011130612480125706	0.9916986717598464
0.0035972207083825565	9.398840915975996e-5	0.9931689248378491
0.0036453478142705244	7.764744867038163e-5	0.9946057498837586
0.003694118811236893	6.243072298246849e-5	0.9959892625528405
0.003743542313880708	4.846490523202779e-5	0.9973000422406059
0.0037936270520554888	3.585433954343972e-5	0.9985194004719092
0.0038443818724111815	2.4679756414315578e-5	0.9996296542428863
0.0038958157399568076	1.499726361650662e-5	1.0006144001110522
0.003947937739643954	6.837651203716503e-6	1.0014587839867273
0.004000757077971514	2.060480940673769e-7	1.0021497608313499
0.004054283084611832	-4.918035783708743e-6	1.0026763378775718
0.0041085252140586675	-8.580253781003097e-6	1.0030297946127777
0.00416349304729715	-1.085053374956474e-5	1.0032038726656314
0.00421919629349613	-1.1821747490654945e-5	1.0031949289481512
0.0042756447917231205	-1.1607942473784138e-5	1.0030020459585678
0.004332848512682216	-1.0342153976014343e-5	1.0026270940486433
0.004390817560475272	-8.173830546888611e-6	1.0020747416828861
0.004449562174386593	-5.2659202615404735e-6	1.0013524112222152
0.004509092730691575	-1.7916786909522242e-6	1.0004701794820543
0.004569419744489468	2.0687289823546066e-6	0.9994406241564724
0.00463055387156073	6.131750524806953e-6	0.9982786190632348
0.004692505910249161	1.0214007324579996e-5	0.9970010829420309
0.004755286803369294	1.4135804983377812e-5	0.9956266881246446
0.004818907640139222	1.7724507888928222e-5	0.9941755366987385
0.004883379658139367	2.0817697822879746e-5	0.9926688127344716
0.004948714245297383	2.3266045982053794e-5	0.9911284196872007
0.005014922941899658	2.4935839815973414e-5	0.9895766122145248
0.005082017442629735	2.5711120019091794e-5	0.9880356313617896
0.005150009598633951	2.5495397982322376e-5	0.9865273514184633
0.005218911419614785	2.4212939111155703e-5	0.9850729457877396
0.005288735075952142	2.180961182145764e-5	0.9836925780227311
0.005359492900853084	1.825331501139916e-5	0.9824051228488746
0.005431197392530257	1.3534007822860741e-5	0.9812279206015296
0.005503861216409529	7.663374177529845e-6	0.9801765671408518
0.005577497207367093	6.741607215520739e-7	0.979264740033998
0.005652118371996582	-7.380769563008011e-6	0.978504060672857
0.0057277378909064295	-1.6429624568674195e-5	0.9779039910648659
0.005804369121048026	-2.638306842730353e-5	0.9774717633167586
0.0058820255980750235	-3.7135764942133815e-5	0.9772123393358174
0.005960721038734148	-4.856804290931939e-5	0.9771283979928965
0.006040469343288084	-6.054765196434756e-5	0.9772203469106944
0.006121284597970682	-7.293158289132197e-5	0.9774863561340806
0.0062031810774751065	-8.55679317423134e-5	0.9779224111760735
0.0062861732474751835	-9.829779229073597e-5	0.978522383280632
0.006370275767180572	-0.00011095716600115893	0.9792781151661337
0.0064555034919260195	-0.0001233788826066233	0.9801795209780747
0.006541871475795375	-0.00013539452736758908	0.9812146996521013
0.006629394974280583	-0.00014683637301985092	0.9823700613388195
0.006718089446976379	-0.0001575393152278377	0.9836304669410961
0.006807970560310922	-0.00016734281001645198	0.9849793811367854
0.0068990541903130335	-0.00017609281017598861	0.9863990394819252
0.006991356425416462	-0.00018364369508247914	0.9878706302919699
0.007084893569301591	-0.00018986018485766664	0.9893744919648163
0.007179682143775272	-0.0001946192254646905	0.9908903262280454
0.007275738891689077	-0.0001978118264036723	0.9923974274573103
0.0073730807798967095	-0.00019934482739400472	0.9938749277234138
0.007471725002250856	-0.00019914256511570442	0.9953020565906462
0.007571688982640265	-0.00019714840608548023	0.9966584139249679
0.00767299037806733	-0.00019332610745437698	0.9979242531051529
0.007775647081766969	-0.00018766096434308792	0.9990807711002228
0.007879677226367121	-0.00018016070068546493	1.0001104009298616
0.007985099187091596	-0.0001708560608057344	1.0009971011177636
0.008091931585005794	-0.00015980106142073641	1.0017266359435422
0.008200193290305738	-0.0001470728686443476	1.0022868396632516
0.008309903425651263	-0.00013277127195091362	1.00266785746553
0.008421081369543655	-0.00011701773683808494	1.002862355817851
0.008533746759748606	-9.995402984387532e-5	1.0028656950792185
0.008647919496764843	-8.174042315930889e-5	1.0026760578387344
0.008763619747339291	-6.255350070436356e-5	1.0022945273870585
0.008880867948029132	-4.2583602429965365e-5	1.0017251120174464
0.008999684808811652	-2.2031957911056787e-5	1.0009747124364001
0.00912009131674226	-1.1075731214979622e-6	1.0000530313666123
0.009242108739661574	1.9976055204785574e-5	0.9989724263532007
0.009365758629951969	4.100431573063247e-5	0.9977477087307911
0.009491062828344488	6.176486334680068e-5	0.9963958935601879
0.009618043467776677	8.205091871010157e-5	0.9949359069919589
0.009746722977301933	0.00010166440423507222	0.9933882588645476
0.00987712408605132	0.00012041884158214661	0.9917746893235809
0.010009269827248207	0.00013814194606467679	0.9901177988109973
0.010143183542276784	0.0001546778661648603	0.9884406709011442
0.010278888884804894	0.00016988903067801232	0.9867664971717407
0.010416409824962083	0.00018365758101264836	0.9851182126316841
0.010555770653573528	0.0001958863809933229	0.983518149250301
0.01069699598645061	0.00020649961036129828	0.9819877139233807
0.010840110768738899	0.00021544296039691636	0.9805470958579211
0.010985140279324306	0.0002226834602205485	0.9792150069483492
0.011132110135298186	0.0002282089700753786	0.9780084573340883
0.011281046296482172	0.00023202738314843382	0.9769425670426698
0.01143197507001356	0.0002341655803057517	0.9760304134899126
0.011584923114992028	0.0002346681827009894	0.9752829136691883
0.011739917447188544	0.00023359614586522087	0.9747087391377695
0.011896985443817228	0.00023102523596698596	0.9743142614078405
0.012056154848371133	0.00022704442484598449	0.974103525066598
0.012217453775522647	0.0002217542355732215	0.9740782458673961
0.012380910716089504	0.00021526506505500142	0.9742378311275074
0.012546554542067215	0.00020769550491853202	0.9745794200069737
0.012714414511728838	0.0001991706768835288	0.975097941594584
0.01288452027479297	0.00018982059427224385	0.9757861891560367
0.013056901877660888	0.00017977855741890334	0.9766349093715776
0.013231589768723753	0.00016917958763457426	0.9776329058727139
0.013408614803740823	0.00015815890214170437	0.9787671568483647
0.013588008251289608	0.00014685043104727425	0.9800229469002608
0.013769801798288977	0.00013538537696883028	0.9813840136593941
0.01395402755559609	0.00012389081832344618	0.982832709904388
0.014140718063678311	0.00011248835846404534	0.9843501820286966
0.014329906298360907	0.00010129282469909636	0.9859165656678767
0.014521625676651708	9.041102363058836e-5	0.9875111991086384
0.01471591006264367	7.994056203361215e-5	0.9891128547495428
0.014912793773496413	6.996874549435211e-5	0.9906999883694269
0.015112311585497787	6.057157001280397e-5	0.9922510052907931
0.01531449874020653	5.1812824532904706e-5	0.9937445417194629
0.015519390950677125	4.374332464370424e-5	0.9951597586264698
0.015727024407767912	3.64002992557849e-5	0.9964766445527389
0.01593743578653362	2.9806952664020257e-5	0.9976763227113888
0.016150662252703424	2.3972223855687124e-5	0.9987413567962536
0.01636674146924563	1.8890763054696486e-5	0.9996560490441513
0.01658571160302026	1.4543142218134778e-5	1.0004067234125296
0.0168076113315206	1.089631151557999e-5	1.0009819862903313
0.017032479849704917	7.90430781913086e-6	1.0013729570186238
0.017260356876919642	5.509214112855168e-6	1.0015734607050173
0.017491282663915118	3.6423607986257413e-6	1.0015801763989838
0.017725297999955245	2.2257515264169347e-6	1.0013927346577323
0.017962444220022245	1.173687874930749e-6	1.0010137598492574
0.018202763212117803	3.9455945175382415e-7	1.0004488541608816
0.01844629742466189	-2.0724073332860808e-7	0.9997065221296163
0.0186930898739906	-7.29320994505079e-7	0.9987980364888334
0.018943184151954274	-1.2692645434916906e-6	0.9977372481225454
0.019196624433617266	-1.922621942909158e-6	0.9965403448187647
0.01945345548506078	-2.7809715701962077e-6	0.995225565206689
0.01971372267129006	-3.930094194072117e-6	0.99381287565272
0.01997747196424736	-5.448302816967477e-6	0.9923236189043397
0.020244749950932138	-7.404962404634496e-6	0.9907801438622728
0.0205156038416299	-9.8592264409528e-6	0.9892054260166685
0.02079008147825112	-1.2859008901768992e-5	0.9876226878163871
0.02106823134278173	-1.6440201740800808e-5	0.9860550275966519
0.021350102565846664	-2.06261398013832e-5	0.9845250647331485
0.02163574493538799	-2.542730762688855e-5	0.9830546075014664
0.021925208905459126	-3.08412762697015e-5	0.981664348786758
0.02221854560513675	-3.685285312055628e-5	0.9803735933974823
0.02251580684755184	-4.343442411676702e-5	0.9792000193712428
0.022817045139041727	-5.0546465456700404e-5	0.9781594743893367
0.0231223136884244	-5.8138201076425724e-5	0.9772658072960348
0.023431666416396994	-6.61483824881728e-5	0.9765307337875823
0.02374515796506001	-7.450616894214697e-5	0.9759637346173511
0.02406284370756894	-8.313208802447234e-5	0.9755719841655497
0.024384779757915028	-9.193905950203445e-5	0.975360306938197
0.024711022980836893	-0.00010083346822916903	0.9753311594755378
0.025041631001864753	-0.00010971627501482354	0.9754846352394229
0.02537666221749903	-0.00011848415730745265	0.9758184902839592
0.02571617580552516	-0.00012703067421128512	0.9763281878599844
0.02606023173546632	-0.000135247452554034	0.9770069605280662
0.026408890779176138	-0.00014302539236512552	0.9778458888218033
0.026762214521573006	-0.0001502558911072654	0.9788339959793269
0.027120265371518057	-0.00015683208627373995	0.9799583587142972
0.027483106572838662	-0.0001626501154888121	0.9812042343969477
0.027850802215499435	-0.00016761039202727634	0.982555205332992
0.02822341724692266	-0.00017161889173024472	0.9839933410375296
0.028601017483460202	-0.00017458844469807393	0.9854993794788545
0.028983669622018884	-0.00017644002198351967	0.9870529281954175
0.029371441251841407	-0.00017710400392149004	0.9886326859525932
0.029764400866444884	-0.00017652141288790495	0.9902166851974132
0.030162617875719114	-0.00017464508938997355	0.9917825549880291
0.03056616261818664	-0.00017144078670012735	0.9933078033297156
0.03097510637342701	-0.00016688815603201632	0.9947701169599749
0.031389521374667044	-0.00016098159181310726	0.9961476756237768
0.031809480821539726	-0.00015373090523051444	0.9974194768088778
0.032235058893013674	-0.0001451617941920889	0.9985656658265748
0.03266633076049565	-0.0001353160793876103	0.9995678650897366
0.033103372601108405	-0.00012425167942070261	1.0004094955296687
0.03354626161114605	-0.00011204230308107138	1.0010760823810252
0.033995076019709566	-9.877684369289423e-5	1.0015555371211298
0.0344498951025247	-8.455846893103094e-5	1.0018384072390858
0.03491079919594468	-6.950340922822887e-5	1.0019180857778858
0.0353778697111404	-5.373945846175939e-5	1.0017909732643606
0.03585118914848024	-3.7404211458174026e-5	1.0014565857158495
0.03633084111210255	-2.0643073370555683e-5	1.000917603858956
0.03681691032468288	-3.607085518825693e-6	1.000179860454655
0.03730948264239886	1.3549379776435186e-5	0.9992522646101243
0.037808645070095286	3.0670997026867116e-5	0.9981466640641611
0.03831448577665213	4.7603876459992295e-5	0.9968776485410099
0.038827094110558104	6.419790182693089e-5	0.9954622992549792
0.03934656061569262	8.030895730135085e-5	0.9939198914008108
0.03987297704731889	9.580098857782652e-5	0.9922715578845741
0.04040643638829097	0.00011054785052709475	0.9905399235645685
0.04094703286547771	0.00012443490283591758	0.9887487198382917
0.04149486196640635	0.00013736032536000624	0.9869223895207707
0.04205002045612879	0.0001492361358102456	0.985085691632321
0.04261260639431364	0.00015998890324010002	0.983263315000384
0.04318271915256684	0.00016956016102527547	0.9814795085510107
0.04376045943198398	0.00017790653213913395	0.9797577349068004
0.04434592928093752	0.0001849995871642458	0.9781203525113132
0.04493923211310201	0.00019082546141153194	0.9765883300558551
0.04554047272572035	0.000195384261647999	0.9751809955763407
0.046149757318114576	0.00019868929528876267	0.973915821286125
0.0467671935104442	0.00020076615561850716	0.9728082440705774
0.04739289036271556	0.00020165169587905133	0.9718715206288496
0.048026958394045485	0.00020139292315126263	0.9711166155293016
0.0486695096021827	0.00020004584015499065	0.9705521199537188
0.049320657483290335	0.000197674259675979	0.9701841986345122
0.04998051705199328	0.00019434861257553988	0.9700165624217326
0.05064920486169354	0.00019014476649008942	0.9700504640268082
0.05132683902515754	0.00018514286859087122	0.9702847147479141
0.05201353923537879	0.0001794262223166138	0.9707157203531903
0.0527094267867197	0.00017308020494116686	0.9713375347481625
0.053414624596336245	0.0001661912302836383	0.9721419305471798
0.05412925722588927	0.00015884575886598038	0.9731184861710094
0.05485345090354628	0.00015112935639768232	0.9742546895704552
0.055587333546277574	0.00014312580061890288	0.9755360590978409
0.056331034782450676	0.0001349162362396049	0.9769462823840751
0.057084685974727115	0.00012657837793064654	0.9784673743022719
0.057848420243265364	0.00011818576199358994	0.9800798551845468
0.05862237248923451	0.00010980704838261733	0.9817629503867834
0.059406679418642236	0.00010150537608191523	0.9834948120510109
0.060201479566481704	9.333777634793603e-5	0.9852527634878141
0.06100691332120154	8.535464988674405e-5	0.9870135659910264
0.061823122949503116	7.759931552033855e-5	0.9887537071128324
0.06265025262146966	7.010763916295105e-5	0.9904497084898384
0.06348844843603152	6.290775283878086e-5	0.9920784502524738
0.0643378584467722	5.6019873892881934e-5	0.9936175079171748
0.06519863268807953	4.945623435977896e-5	0.9950454965116137
0.06607092320164686	4.3221129569757306e-5	0.9963424155857517
0.06695488406332872	3.731109343823164e-5	0.9974899877922487
0.06785067141035571	3.171520549447861e-5	0.9984719829562776
0.06875844346891374	2.64155316125136e-5	0.9992745190725252
0.06967836058209202	2.138769671782038e-5	0.9998863315304354
0.07061058523820501	1.6601583624519927e-5	1.000299002126134
0.07155528209949341	1.2022147823605144e-5	1.0005071400961991
0.07251261803120895	7.61033374558414e-6	1.0005085085016685
0.07348276213108851	3.324074029626005e-6	1.000304090768505
0.07446588575922239	-8.80650088364041e-7	0.9998980939902296
0.07546216256832232	-5.0487117664498306e-6	0.9992978876303586
0.07647176853439434	-9.224731035846875e-6	0.9985138784168202
0.07749488198782209	-1.3451983371341576e-5	0.9975593243753434
0.07853168364486603	-1.7771350288821142e-5	0.9964500929798925
0.07958235663958377	-2.2220336121706098e-5	0.995204370189059
0.08064708655617807	-2.6832172349552758e-5	0.9938423285906758
0.08172606146177695	-3.1635027269354124e-5	0.992385763919498
0.08281947193965286	-3.6651334653017576e-5	0.9908577098042534
0.08392751112288596	-4.189725059012501e-5	0.9892820407313286
0.08505037472847803	-4.7382243244112184e-5	0.9876830729066424
0.08618826109192261	-5.3108816004809554e-5	0.9860851720051024
0.08734137120223776	-5.907236071635917e-5	0.9845123757905723
0.08850990873746745	-6.526113446241525e-5	0.9829880383542233
0.089694080100658	-7.165635090857401e-5	0.9815345013472702
0.09089409445631574	-7.823237548500387e-5	0.9801727961648196
0.09211016376735263	-8.495701273552784e-5	0.9789223796540385
0.09334250283252578	-9.179187391126891e-5	0.9778009046407256
0.09459132932437841	-9.869281325929797e-5	0.9768240254488216
0.09585686382768809	-0.00010561042233583423	0.9760052376639995
0.0971393298784293	-0.00011249057293145579	0.9753557506874069
0.0984389540032575	-0.00011927500069969899	0.9748843911439192
0.09975596575952139	-0.00012590192320063932	0.9745975349449432
0.10109059777581039	-0.00013230668768672433	0.9744990657411148
0.10244308579304473	-0.00013842244546097255	0.9745903576105002
0.10381366870611518	-0.00014418085093375867	0.9748702800827368
0.10520258860607992	-0.00014951278451529466	0.9753352239650086
0.10661009082292608	-0.00015434909914271156	0.9759791468769666
0.10803642396890312	-0.00015862139050453554	0.9767936378820654
0.1094818399824362	-0.0001622627908565631	0.977768001087606
0.11094659417262703	-0.00016520878570165223	0.9788893585396946
0.11243094526434987	-0.00016739805152745532	0.9801427731298139
0.11393515544395123	-0.0001687733112736095	0.9815113925251354
0.11545949040556076	-0.000169282202266469	0.9829766153065133
0.11700421939802172	-0.00016887814907060053	0.9845182805203709
0.11856961527244939	-0.00016752123114348406	0.9861148817030988
0.12015595453042584	-0.00016517903245176108	0.9877438061028468
0.12176351737283926	-0.00016182745745149665	0.989381599296849
0.12339258774937704	-0.00015745149521563545	0.9910042546838016
0.12504345340868073	-0.00015204591119676348	0.9925875264335694
0.12671640594917216	-0.0001456158443458093	0.9941072634260627
0.12841174087055954	-0.00013817728627550625	0.9955397605471852
0.13012975762603265	-0.00012975741905993935	0.9968621224855853
0.13187075967515624	-0.00012039478927002763	0.9980526339558651
0.13363505453747146	-0.00011013929808534682	0.9990911291378497
0.1354229538468139	-9.905199085693576e-5	0.9999593521504853
0.13723477340635876	-8.720463430415652e-5	1.0006412996558565
0.13907083324440217	-7.467907549899168e-5	1.0011235362909108
0.14093145767088924	-6.156638371341929e-5	1.0013954736158441
0.14281697533469767	-4.796578377602038e-5	1.0014496036926412
0.14472771928168865	-3.398339741946868e-5	1.0012816792819457
0.14666402701353368	-1.973081676171023e-5	1.0008908339581328
0.14862624054732881	-5.323541087351929e-6	1.0002796371449183
0.15061470647600642	9.120685967489765e-6	0.9994540810900818
0.15262977602955505	2.3483597270284624e-5	0.9984234990240848
0.15467180513705853	3.764813686778193e-5	0.9972004160602747
0.1567411544895651	5.150016357909866e-5	0.9958003366625005
0.15883818960379742	6.493007994926503e-5	0.9942414745976564
0.1609632808867153	7.783434629166337e-5	0.9925444330887045
0.1631168037009418	9.011684454756802e-5	0.9907318442921059
0.16529913843106528	0.00010169006306856094	0.9888279781759015
0.16751067055082755	0.00011247608076609262	0.9868583313397659
0.1697517906912121	0.00012240733691219912	0.9848492062982624
0.1720228947094423	0.00013142718075369114	0.9828272912788732
0.17432438375890316	0.00013949020258955378	0.9808192497297558
0.17665666435999872	0.00014656235469213976	0.9788513275704125
0.17902014847195696	0.00015262087614637958	0.9769489848462538
0.18141525356559574	0.00015765404015344195	0.9751365569621583
0.1838424026970623	0.00016166074551000244	0.97343694916455
0.18630202458255918	0.00016464997583642642	0.9718713664989309
0.1887945536740698	0.00016664015076940777	0.9704590801590632
0.19132043023609743	0.00016765839289971225	0.9692172300170295
0.19388010042343073	0.00016773973290726288	0.9681606622138715
0.19647401635994943	0.00016692627332969768	0.9673018000161251
0.19910263621848506	0.0001652663289078538	0.9666505457059744
0.20176642430174935	0.00016281355868500908	0.9662142110615985
0.20446585112434582	0.00015962610218050126	0.9659974739789636
0.2072013934958785	0.00015576572917161608	0.966002358958877
0.20997353460517254	0.0001512970100310975	0.9662282395013623
0.21278276410562158	0.000146286511282937	0.9666718608768765
0.21562957820167705	0.0001408020191295903	0.967327382244671
0.21851447973649463	0.0001349117922174226	0.9681864376247751
0.2214379782807531	0.0001286838438688032	0.969238215765196
0.2244005902226619	0.0001221852534238584	0.9704695594442679
0.22740283885917248	0.00011548150618981572	0.9718650851751734
0.2304452544884101	0.00010863586176276134	0.9734073246028473
0.23352837450334257	0.0001017087511228235	0.9750768890726245
0.23665274348670176	9.475720385261276e-5	0.976852658878172
0.23981891330717522	8.783430802042546e-5	0.9787119985407838
0.24302744321688485	8.098870662111076e-5	0.9806309991172679
0.2462788999501696	7.426413588367061e-5	0.9825847479704013
0.24957385782368965	6.769901212973984e-5	0.9845476256665133
0.25291289883787044	6.132607508784398e-5	0.9864936287029392
0.2562966127797032	5.517209651796731e-5	0.9883967156410554
0.2597255973269213	4.92576635654965e-5	0.9902311729711957
0.26320045815357024	4.3597046339232727e-5	0.9919719957207682
0.26672180903699017	3.8198158709860456e-5	0.9935952765072597
0.2702902719662292	3.306262019602064e-5	0.9950785955150006
0.27390647725190814	2.818592502466355e-5	0.996401402826177
0.27757106363755435	2.3557722043973448e-5	0.9975453837510319
0.28128467841242527	1.916220620252091e-5	0.9984947973606044
0.2850479775258414	1.4978618907494193e-5	0.9992367783947319
0.2888616257030494	1.0981850902844804e-5	0.9997615931435195
0.2927262965626344	7.143137565257784e-6	1.0000628407986711
0.29664267273550415	3.4308329248223096e-6	1.000137593126624
0.30061144598546446	-1.8875449438246766e-7	0.9999864670782417
0.3046333173314079	-3.7504835369367303e-6	0.9996136270382154
0.30870899717113737	-7.289481349711948e-6	0.9990267157219705
0.3128392054068464	-1.084024569397171e-5	0.9982367151205204
0.3170246715722776	-1.4435770909530815e-5	0.9972577412373745
0.3212661349615835	-1.810671879725372e-5	0.9961067785220373
0.3255643447599106	-2.1880653773917026e-5	0.9948033617609789
0.3299200601757303	-2.5781358967175696e-5	0.9933692146431219
0.33433405057494103	-2.9828246637900295e-5	0.991827855206456
0.3388070956167642	-3.4035872655313844e-5	0.9902041788649397
0.3433399853914579	-3.841356093357885e-5	0.9885240297150517
0.3479335205598736	-4.29651399883439e-5	0.9868137703664253
0.3525885124948801	-4.768879028792498e-5	0.9850998596955569
0.35730578342467884	-5.257699802112622e-5	0.9834084467695943
0.3620861665780371	-5.761660840312841e-5	0.9817649878238885
0.36693050633146457	-6.278896976599596e-5	0.980193891700566
0.37183965835835847	-6.807015845728636e-5	0.9787181976595037
0.37681448978014404	-7.343127398264297e-5	0.9773592880405505
0.38185587931943765	-7.88387938232773e-5	0.9761366369554703
0.38696471745525884	-8.425497785686972e-5	0.975067595070914
0.3921419065803185	-8.963831321146657e-5	0.9741672096435301
0.39738836116041215	-9.494399157711564e-5	0.9734480783023254
0.4027050078959452	-0.00010012441237692314	0.9729202346429777
0.4080927858856194	-0.00010512970664856012	0.9725910634935953
0.41355264679230946	-0.00010990827790719512	0.9724652437105716
0.4190855550111585	-0.00011440735756002489	0.9725447165383168
0.42469248783992275	-0.00011857357354201335	0.9728286778849721
0.4303744356515952	-0.0001223535316764092	0.9733135932908176
0.4361324020693392	-0.00012569440978005928	0.9739932348594058
0.44196740414376107	-0.00012854456469425812	0.9748587399442158
0.4478804725325567	-0.0001308541522028863	0.9758986918978352
0.4538726516825596	-0.00013257575919151603	0.9770992236579545
0.4599450000142253	-0.0001336650464103723	0.9784441453289746
0.4660985901085845	-0.0001340813988539148	0.9799150971840743
0.4723345088966968	-0.00013378857910226896	0.9814917296296617
0.47865385785163894	-0.00013275537704714326	0.9831519116128163
0.4850577531830625	-0.00013095624733086268	0.9848719686914199
0.49154732603435375	-0.00012837192366745305	0.9866269515102998
0.4981237226824317	-0.00012498999711588714	0.9883909347297314
0.5047881047402194	-0.00012080544348232636	0.9901373455411988
0.5115416493618237	-0.00011582108349794182	0.9918393197994544
0.5183855494504598	-0.0001100479584141974	0.9934700825354339
0.5253210138691591	-0.00010350560333539668	0.9950033482426667
0.5323492676542945	-9.622220110763615e-5	0.9964137349182508
0.5394715522319625	-8.823460101069988e-5	0.9976771844687733
0.5466891256372621	-7.958818891462778e-5	0.9987713808525431
0.5540032627365052	-7.03365989656891e-5	0.9996761563171292
0.5614152554524009	-6.0541261187811974e-5	1.0003738753980052
0.5689264129922529	-5.027078448093701e-5	1.0008497860516063
0.5765380620792094	-3.960018015051817e-5	1.0010923274675165
0.584251547186607	-2.8609937031763746e-5	1.0010933847758476
0.59206823077545	-1.7384965150635568e-5	1.0008484820416161
0.5999894935350668	-6.013430339729325e-6	1.0003569065854188
0.6080167346269861	5.414493046127642e-6	0.999621759721106
0.616151371932076	1.6807920505272768e-5	0.9986499313555811
0.6243948423009893	2.8076573694389137e-5	0.9974519984261166
0.6327486018079598	3.9132080626986476e-5	0.9960420497137901
0.641214126007994	4.9889226392174785e-5	0.9944374420208023
0.6497929101975036	6.026712317716895e-5	0.9926584948946648
0.6584864696784254	7.019027187726655e-5	0.9907281329041908
0.6672963400258745	7.958949218350004e-5	0.988671485829931
0.6762240773593782	8.840270344694423e-5	0.9865154579698354
0.68527125861774	9.657554448794697e-5	0.9842882780626429
0.694439481837579	0.00010406182649805803	0.9820190411167591
0.7037303664355973	0.00011082381894179925	0.9797372527543476
0.7131455534946238	0.00011683237361796236	0.9774723856177605
0.7226867060534845	0.00012206689656030334	0.9752534560347481
0.7323555094007506	0.00012651518109085583	0.9731086276045134
0.7421536713724178	0.00013017311800482805	0.9710648467529991
0.7520829226535677	0.00013304430055275732	0.9691475137089457
0.7621450170840639	0.00013513954264213614	0.967380190856069
0.7723417319683408	0.00013647632860345604	0.96578434908658
0.782674868389334	0.00013707821208419074	0.9643791516656516
0.7931462515266124	0.0001369741802975034	0.9631812742436282
0.8037577309787673	0.0001361979981154489	0.962204759035031
0.8145111810901126	0.0001347875445100607	0.9614609008171324
0.8254085012817571	0.00013278415174818533	0.9609581622709477
0.8364516163871073	0.0001302319556580765	0.9607021162686323
0.8476424769918564	0.0001271772633074454	0.9606954129724566
0.8589830597785242	0.00012366794264246142	0.9609377700148296
0.8704753678756054	0.00011975283709263122	0.9614259845387645
0.88212143121139	0.00011548120688592399	0.9621539664523675
0.8939233068725159	0.00011090219786325127	0.963112792850348
0.9058830794673206	0.0001060643379378663	0.9642907841390645
0.9180028614940529	0.00010101506100717365	0.9656736029304852
0.9302847937140107	9.580025807447841e-5	0.9672443772061263
0.9427310455296726	9.046385554919942e-5	0.9689838495581076
0.9553438153678856	8.504742112999841e-5	0.9708705544572225
0.9681253310681832	7.95897982914746e-5	0.9728810254474348
0.9810778502762956	7.412677113915213e-5	0.974990033898106
0.9942036608429259	6.869076220940273e-5	0.977170860443484
1.007505081227862	6.331056660442567e-5	0.9793955994967593
1.0209844609094951	5.8011126596340315e-5	0.9816354962497512
1.0346441807998148	5.28133514355217e-5	0.9838613143806341
1.0484866536649602	4.77339874845168e-5	0.9860437313280463
1.0625143245513946	4.278554390382534e-5	0.9881537565067338
1.0767296712177832	3.797627888414953e-5	0.990163166308832
1.0911352045726483	3.331025081227019e-5	0.9920449482428549
1.1057334691178815	2.8787437757374953e-5	0.9937737452071376
1.1205270433981864	2.4403927280459875e-5	0.9953262897766998
1.135518540456538	2.0152176839816685e-5	0.9966818176012856
1.150710608295733	1.602134305894375e-5	0.9978224486551286
1.1661059303461168	1.1997675935768932e-5	0.9987335252117399
1.1817072259395671	8.064971823080515e-6	0.9994038960788234
1.1975172507898202	4.205076833467073e-6	0.9998261378225722
1.2135387974792213	3.9843035662948436e-7	0.9999967054034137
1.2297746959519906	-3.3753632456361585e-6	0.9999160067640577
1.2462278140140846	-7.1369478683988515e-6	0.9995883983499256
1.2629010578397484	-1.0906627545739486e-5	0.9990221011681664
1.2797973724848433	-1.4703790757737639e-5	0.9982290396561757
1.2969197424070429	-1.854636038705685e-5	0.9972246081802382
1.3142711919929895	-2.2450281452096116e-5	0.9960273722762022
1.3318547860925005	-2.6429057172004148e-5	0.994658713653362
1.3496736305599266	-3.049334198150697e-5	0.9931424294173111
1.3677308728027484	-3.4650597939581375e-5	0.9915042968714679
1.3860297023375145	-3.8904818703904427e-5	0.9897716156129162
1.4045733513532188	-4.325632300847764e-5	0.9879727384679063
1.4233650952822121	-4.7701617507386055e-5	0.986136602169376
1.4424082533787552	-5.223332703419519e-5	0.9842922676441633
1.4617061893053096	-5.684018884744411e-5	0.9824684784484816
1.481262311726674	-6.150710633173766e-5	0.9806932443724419
1.5010800749120705	-6.621525691502554e-5	0.9789934556332706
1.5211629793452817	-7.09422486328894e-5	0.9773945314894916
1.5415145723429566	-7.566231978477393e-5	0.9759201056183936
1.5621384486811856	-8.034657643273448e-5	0.9745917492733741
1.5830382512304577	-8.496326302696296e-5	0.9734287321245171
1.6042176715991154	-8.947806213477785e-5	0.9724478198138529
1.6256804507854163	-9.385442003048121e-5	0.9716631066388325
1.6474303798383187	-9.805389570475551e-5	0.9710858814105107
1.66947130052711	-0.0001020365316115439	0.9707245244009658
1.6918071060199906	-0.00010576124513211734	0.9705844333734636
1.7144417415717397	-0.00010918624025253386	0.9706679769455333
1.7373792052205794	-0.00011226943928234848	0.9709744739333662
1.7606235484943633	-0.00011496893455784874	0.9715001978252474
1.7841788771262117	-0.00011724345994892941	0.9722384060901654
1.8080493517797231	-0.0001190528816100936	0.973179394602781
1.8322391887838874	-0.00012035870677683458	0.9743105780147634
1.8567526608778304	-0.00012112460851265887	0.975616597382954
1.881594097965525	-0.00012131696317415177	0.9770794567356423
1.9067678878805963	-0.00012090539600979705	0.9786786904810554
1.9322784771613613	-0.00011986332878527375	0.9803915636010955
1.9581303718362377	-0.00011816852169261996	0.9821933063982183
1.9843281382196591	-0.00011580360012892946	0.9840573851507325
2.010876403718641	-0.00011275655531513913	0.9859558093680996
2.0377798576501354	-0.0001090212062751415	0.9878594754214783
2.065043252069322	-0.00010459760952963618	0.9897385451694259
2.0926714026089828	-9.9492402103334e-5	0.9915628568343461
2.120669189330102	-9.371906322137023e-5	0.9933023638615821
2.149041557583852	-8.72980804918548e-5	0.9949275958772054
2.1777935188851063	-8.025700752339879e-5	0.9964101342372432
2.206930151797643	-7.26304018607078e-5	0.997723093129777
2.2364566028311903	-6.445963484309796e-5	0.9988415958584121
2.2663780873504713	-5.579256845044869e-5	0.9997432349102555
2.296699890496416	-4.668309828938554e-5	1.0004085037939643
2.3274273681196918	-3.7190566421299365e-5	1.0008211885088603
2.3585659477267296	-2.737905252238503e-5	1.0009687069311954
2.390121129438403	-1.7316556633782265e-5	1.0008423854037785
2.4220984869615325	-7.074091224970163e-6	1.000437663374413
2.454503668573395	3.27529582556086e-6	0.999754218990376
2.4873423981193943	1.3657542688199883e-5	0.998796011025182
2.5206204760240873	2.3998612843433742e-5	0.9975712352603058
2.554343780315733	3.422552470951405e-5	0.9960921963153542
2.5885182676645533	4.42673446462044e-5	0.9943750987518087
2.6231499744348756	5.405611801027201e-5	0.9924397639049337
2.6582450177513635	6.352771571053094e-5	0.9903092811801263
2.6938095965795035	7.262257740148738e-5	0.9880096043658725
2.7298499928205517	8.128633682221985e-5	0.9855691047824207
2.766372572421129	8.947031955467777e-5	0.983018093764075
2.803383786497663	9.713190835764036e-5	0.9803883270642914
2.840890172475869	0.00010423477595766817	0.9777125033176253
2.8788983552454814	0.00011074898950890777	0.9750237677643363
2.9174150483304326	0.00011665099468088288	0.9723552311384116
2.956447055074686	0.00012192349036605727	0.9697395120499238
2.9960012698439353	0.00012655520724584907	0.9672083094721656
3.036084679243384	0.0001305406049008103	0.964792010184206
3.0767043633518103	0.00013387950283361272	0.9625193343191739
3.117867496972152	0.0001365766607676116	0.9604170206101217
3.1595813508988155	0.00013864132299223778	0.9585095515718772
3.2018532932019426	0.00014008674046867296	0.9568189177514208
3.2446907905288613	0.00014092968300987455	0.9553644193446061
3.2881014094229455	0.00014118995222935906	0.9541625029191969
3.3320928176601226	0.00014088990422408775	0.953226630694419
3.376672785603257	0.0001400539892144301	0.9525671797847421
3.421849187574662	0.0001387083136872554	0.9521913689914303
3.467630003246969	0.0001368802290374638	0.9521032110835986
3.514023319052606	0.00013459794932200013	0.952303489011485
3.5610373296121307	0.00013189019955622868	0.952789755096748
3.6086803391816824	0.0001287858950093166	0.9535563529040719
3.656960763119785	0.00012531385119550695	0.9545944621718957
3.70588712937379	0.00012150252370532568	0.955892167823497
3.7554680799861955	0.00011737977666128165	0.9574345546501171
3.8057123726211204	0.00011297267839752484	0.9592038297124702
3.856628882111206	0.00010830732292946743	0.9611794748058518
3.9082266020252083	0.00010340867587174557	0.9633384314392908
3.960514646256562	9.830044365336227e-5	0.965655320658216
4.013502250633206	9.300496513811121e-5	0.9681026996669443
4.067198774548937	8.75431250563935e-5	0.9706513565660653
4.121613702616598	8.193428896096656e-5	0.9732706436057392
4.176756646343375	7.61962597042976e-5	0.9759288481818597
4.2326373458285165	7.034525567085317e-5	0.9785935993955833
4.289265671483758	6.439591115842009e-5	0.9812323064079821
4.346651625776773	5.8361299367121986e-5	0.9838126231176381
4.404805344997948	5.225297840750647e-5	0.9863029319579749
4.463737101050785	4.608106057132199e-5	0.9886728379536074
4.523457303266268	3.9854304820059535e-5	0.9908936627038364
4.583976500241506	3.358023204574263e-5	0.9929389267891271
4.645305381702962	2.7265262163854008e-5	0.9947848083306025
4.707454780394625	2.0914871536308407e-5	0.9964105651629184
4.770435673991434	1.4533768626935221e-5	0.9977989083713499
4.834259187038307	8.12608520172413e-6	0.9989363158241868
4.898936592915105	1.695579841904616e-6	0.9998132757907404
4.964479315827899	-4.754149921070438e-6	1.0004244527208919
5.030898932826855	-1.1219450879063208e-5	1.0007687696807182
5.098207175851148	-1.7696397053650207e-5	1.000849404662573
5.166415933801204	-2.4180576492636373e-5	1.0006737008649365
5.235537254638686	-3.066688608258226e-5	1.0002529939023905
5.305583347514567	-3.7149338216947185e-5	0.999602361595837
5.376566584925679	-4.362088273905908e-5	0.9987403043597898
5.448499504900107	-5.0073247055167346e-5	0.9976883661253297
5.521394813211835	-5.649679672247676e-5	0.9964707071288943
5.595265385625006	-6.28804182008703e-5	0.9951136407137642
5.67012427016822	-6.921142485533278e-5	0.9936451465298018
5.74598468943925	-7.547548674582582e-5	0.9920943722134956
5.822860042940604	-8.165658427339039e-5	0.9904911348526021
5.90076390944632	-8.773698538836521e-5	0.9888654323807237
5.979710049400441	-9.369724582261874e-5	0.987246973612194
6.059712407347572	-9.951623168704504e-5	0.9856647340300657
6.140785114395951	-0.00010517116377403309	0.9841465427862987
6.222942490713482	-0.0001106376830101079	0.9827187047615414
6.30619904805716	-0.00011588993669805318	0.9814056600439658
6.390569492336328	-0.00012090068544727711	0.9802296818853081
6.476068726210246	-0.00012564143098931632	0.9792106131218064
6.562711851720393	-0.00013008256538348626	0.9783656402327069
6.650514172958001	-0.00013419354240622327	0.9777091036571439
6.73949119876727	-0.00013794307215715207	0.977252342694161
6.829658645484756	-0.00014129934007659316	0.9770035732513578
6.921032439715392	-0.000144230251625916	0.9769677968562095
7.013628721145682	-0.00014670370380858632	0.977146739665086
7.107463845394496	-0.00014868788448347097	0.9775388206577497
7.202554386902031	-0.00015015160002402654	0.9781391487458893
7.298917141857414	-0.00015106463129302007	0.9789395491072623
7.396569131165471	-0.00015139811712407093	0.9799286196352098
7.4955276034531915	-0.00015112496352770745	0.9810918189195141
7.595810038116421	-0.00015022027567935948	0.9824115876021399
7.697434148407309	-0.00014866180841974165	0.9838675052351235
7.80041788456306	-0.00014643042953752433	0.9854364848656844
7.904779436976556	-0.00014351058855800638	0.9870930074481016
8.01053723940939	-0.00013989078219320194	0.9888093978027973
8.117709972247884	-0.0001355640060975056	0.9905561431897654
8.22631656580268	-0.00013052818121192714	0.9923022546285426
8.336376203652469	-0.00012478654187283653	0.9940156698881789
8.447908326032453	-0.00011834797211799336	0.9956636956154526
8.560932633268145	-0.00011122727635188823	0.9972134844145303
8.675469089255117	-0.00010344537083293184	0.9986325409057595
8.791537924985278	-9.502938339555402e-5	0.9998892489633571
8.90915964212037	-8.601265046977928e-5	1.000953410567797
9.028355016613236	-7.643460281824867e-5	1.0017967851263496
9.14914510237756	-6.634053443746126e-5	1.0023936168361187
9.27155123500669	-5.578125267561905e-5	1.0027211368051232
9.395595035542225	-4.481261166096459e-5	1.0027600263095244
9.521298414293023	-3.3494935421747875e-5	1.002494827824224
9.64868357470529	-2.1892341384967763e-5	1.0019142913592267
9.777773017284462	-1.0071979017196058e-5	1.0010116451632793
9.908589543569548	1.8967980337612621e-6	0.9997847819700301
10.041156260160651	1.3943305055118732e-5	0.9982363545677745
10.175496582800374	2.59964214253142e-5	0.9963737774380235
10.311634240509816	3.798548365671078e-5	0.9942091343675428
10.44959327977994	4.984115234223312e-5	0.9917589951140711
10.589398068818952	6.149623028928152e-5	0.9890441472139178
10.731073301856588	7.28864113984006e-5	0.9860892516926999
10.874644003505928	8.395094297283856e-5	0.9829224336355464
11.02013553318358	9.463318792253963e-5	0.9795748201861276
11.167573589589015	0.00010488107751320712	0.9760800395154797
11.316984215243815	0.0001146474496568288	0.9724736946182871
11.468393801091668	0.00012389027200189248	0.9687928254878496
11.621829091159885	0.00013257275304358866	0.965075372360868
11.777317187283304	0.0001406633479609408	0.9613596514088006
11.93488555389138	0.00014813566877268968	0.9576838526012611
12.094562022859336	0.0001549683106124538	0.9540855676047225
12.2563747984242	0.00016114460743248715	0.9506013536302811
12.420352462166615	0.00016665233127506463	0.9472663372203151
12.586523978059331	0.00017148334945804835	0.9441138601625287
12.754918697583198	0.00017563325368934272	0.94117516811703
12.925566364911637	0.00017910097435213754	0.9384791411925356
13.098497122164446	0.00018188839209328593	0.9360520646443347
13.27374151473193	0.0001839999575028004	0.9339174371030439
13.451330496670233	0.00018544232818643998	0.9320958132760814
13.631295436168875	0.00018622403098576143	0.9306046778768092
13.813668121091418	0.00018635515555539325	0.929458347602128
13.998480764590282	0.00018584708401377987	0.9286678982647778
14.18576601079667	0.00018471225997384789	0.928241114651919
14.375556940586623	0.0001829639989523587	0.9281824612866338
14.56788707742419	0.00018061634095805945	0.9284930729695431
14.762790393282845	0.00017768394496705812	0.9291707647315784
14.960301314646047	0.00017418202400121195	0.9302100615915554
15.160454728588123	0.00017012631862086406	0.9316022492407728
15.363285988936505	0.0001655331058158671	0.9333354474274976
15.568830922516398	0.00016041923951961535	0.9353947083454568
15.777125835479008	0.0001548022182752562	0.9377621427002634
15.988207519714429	0.00014870027495254834	0.9404170762987507
16.202113259350323	0.00014213248285617418	0.943336239944241
16.418880837337564	0.00013511887209676992	0.9464939950986683
16.638548542123964	0.0001276805497362972	0.94986259717344
16.86115517441732	0.0001198398169966502	0.9534124974290095
17.08674005403888	0.00011162027676467963	0.9571126833103784
17.315343026868618	0.0001030469247683894	0.960931055649457
17.547004471883294	9.414621816488709e-5	0.9648348395754845
17.781765308288776	8.494611589027277e-5	0.9687910242587707
18.019667002747727	7.547608598344269e-5	0.9727668248591154
18.26075157670403	6.576707620331373e-5	0.9767301583597761
18.50506161380517	5.5851445588450785e-5	0.9806501234522831
18.75264026742397	4.576285611711607e-5	0.984497473409984
19.003531268280884	3.5536125253907635e-5	0.9882450700536979
19.257778932168353	2.5207041840400842e-5	0.9918683065601308
19.515428167778452	1.4812149414567478e-5	0.9953454870541127
19.776524484635274	4.3885025352379874e-6	0.9986581516872666
20.041114001133423	-6.0265970458813075e-6	1.0017913372269243
20.30924345268412	-1.639587656047839e-5	1.0047337650078385
20.580960199970214	-2.6682372348805444e-5	1.007477950345375
20.85631223731168	-3.684970534425583e-5	1.0100202300502068
21.135348201143042	-4.6862343554418786e-5	1.0123607073765724
21.418117378604187	-5.668584380244826e-5	1.0145031164249492
21.704669716246134	-6.628706597638623e-5	1.0164546105530754
21.995055828853296	-7.563435430943837e-5	1.0182254815915495
22.289327008383726	-8.469768169924399e-5	1.0198288185005913
22.587535233029026	-9.344875467823221e-5	1.0212801154672586
22.889733176395424	-0.00010186107827825105	1.0225968402882508
23.19597421680774	-0.00010990998160499345	1.0237979742121082
23.506312446737724	-0.00011757260637742182	1.0249035342596378
23.82080268235869	-0.00012482786193682648	1.0259340884659236
24.139500473227848	-0.00013165635125018358	1.0269102735744249
24.462462112098237	-0.0001380402732027862	1.0278523235600001
24.789744644861916	-0.00014396330699265768	1.0287796160618945
25.12140588062619	-0.000149410484715698	1.029710242466743
25.45750440192465	-0.0001543680582885713	1.0306606060810544
25.798099575064796	-0.00015882336672589045	1.0316450516445546
26.14325156061416	-0.00016276470950259573	1.0326755284160705
26.49302132402666	-0.00016618123132467662	1.033761288249573
26.847470646411153	-0.0001690628231318896	1.0349086194911767
27.206662135444088	-0.0001714000435902569	1.036120617171972
27.570659236428053	-0.0001731840647192334	1.0373969898379078
27.939526243498445	-0.0001744066446510575	1.0387339034251153
28.313328310979916	-0.00017506012984440549	1.0401238628247302
28.692131464894835	-0.00017513748837152956	1.04155563214733
29.076002614625718	-0.0001746323751641077	1.0430141951463197
29.465009564733645	-0.00017353922933158723	1.044480757742055
29.859221026934858	-0.00017185340284987325	1.0459327950494657
30.25870663223755	-0.00016957131905196427	1.0473441456949433
30.66353694324104	-0.00016669065843339897	1.048685156456133
31.07378346659951	-0.00016321056831751062	1.0499228803150227
31.48951866565248	-0.00015913189191963726	1.0510213308283318
31.910815973224285	-0.00015445741132584165	1.0519417952435968
32.337749804594736	-0.0001491920978911724	1.0526432079891452
32.77039557064343	-0.00014334336260638672	1.05308258502025
33.20882969116982	-0.0001369212981320446	1.0532155180080751
33.653129608391495	-0.00012993890351481116	1.0529967255328208
34.10337380062313	-0.0001224122821481255	1.052380656332013
34.55964179613837	-0.00011436080338433891	1.05132213733225
35.02201418721718	-0.00010580721840989695	1.0497770567590818
35.490572644381196	-9.677772161008428e-5	1.0477030702021062
35.96539993081946	-8.730194970857171e-5	1.0450603152584255
36.446579917007185	-7.741291247860777e-5	1.0418121184487117
36.934197595520125	-6.714685076689733e-5	1.0379256766576082
37.4283390960471	-5.6543019894579606e-5	1.033372694546232
37.92909170060336	-4.564339911535997e-5	1.0281299593427724
38.43654385894764	-3.44923306006938e-5	1.0221798352239557
38.950785204205246	-2.313609424299114e-5	1.0155106611881755
39.47190656870034	-1.162242726151847e-5	1.0081170388634357
39.99999999999999	-2.952316564496612e-20	1.0
