-0.026386504941735205
1.9755908252812808
-0.7138848502787255
0.4107632450241201
-0.33206536793062946
-0.6096460841467268
0.4480591409930107
-0.9230810782687899
0.8549483572349632
-1.048732857494275
0.25088980066607125
-1.08912893426641
-0.49697427500800306
1.3099748103252993
-0.5224276957386579
-0.9193981262383538
0.5199409956386993
0.4473668681935205
-1.2687174774325103
3.181945638860191
-0.10232316997245312
-0.5033003089336279
-0.47900501030852616
9.740638325436368e-5
0.26458731787139916
-0.5831887001211321
-0.4482469879101536
0.23345659083486403
0.6035950027157181
-0.21154855690580343
0.40221222545322055
-0.19543427733392083
-0.9635848396007214
-0.45897694947668954
2.0470163457695505
-1.0237675968601696
-0.4534346758564288
0.39629282196956794
0.8991094604635391
0.4402122683619926
-0.22490650385941302
-1.6412747253319417
-0.5667376502783017
-0.36286415549548656
0.07806432035477032
-1.04928657463629
1.6896854514430635
-1.0768949813029087
0.01732985824389709
0.5875325693294571
-1.513466714938266
-0.9755126377591078
-0.0879904455193271
0.0693504083008834
-0.18837274287746222
0.2667397874397798
0.4161734824840403
-1.096395202855091
1.4199321042805293
0.3399387640674911
0.174195619394434
0.4669601820482486
-0.10793600123328469
-0.7318742212660808
-1.0633436706346318
-0.31640067974737307
0.9556691121554844
-0.5620035568681923
-0.09332112741484964
0.5186052814383253
-0.053601188792383424
-1.7817053708744688
1.5598523622497011
-1.24877707389365
-0.3814565525736956
2.7693844460827934
-0.7248289228570871
-0.5894524434476195
-0.7626970932624946
0.8851237472989247
-0.06701987915733572
0.8752597982808219
0.6347534320853023
-0.6363999180525685
0.5400545637380564
-1.9388748451088154
-0.25395567360901766
1.564504767151558
-0.2816425860990723
-0.23312015539116804
-0.8419099165343081
-0.6079384443736734
0.35949187207700106
-0.09307234092296447
0.7685684787842004
0.05504937344337144
-0.44966533495864686
1.2122978435170169
1.1223327866777408
-0.30425630387963154
0.6961151817411433
-1.0935330911780696
-0.5047972302148871
0.5497870953858667
0.8978585862252341
-0.7371003469200743
-0.13003318851556186
1.7407374019116633
-0.47769468690351474
-0.7135629245728718
-0.04957842687063375
-0.5586166579756767
0.0510871166593064
-0.8307907563003201
1.334715700512466
-0.33197671032559595
0.5226936281909537
-0.36116028842473363
0.3318808321648345
0.26732300868633385
-1.5450903075202618
0.6407936123983822
-0.8472543619494718
-1.4409527916082912
0.23343844180115816
0.6754500580755989
-0.013429861566788081
-0.5143303890753684
0.6810603070929905
-0.6314903254056194
-0.39250884272795583
1.063646262042935
-0.35550224841018235
0.12504838881415106
-0.019416302036892277
-1.3624405168757112
-0.03668681926490804
1.1997815014383562
-0.8408906258931411
0.6632124323691975
-0.33280179703605706
-0.7032302275970472
-0.7681879687277684
0.5971987103172881
-0.36362069085756715
1.4308313038558
-1.0823535669004394
0.06824392029413139
-0.03900550912000739
-1.3211035472448824
0.06434383970374227
-0.7209247866589272
0.8920393680080978
0.02006713516133808
-0.1509434260113769
-0.6894699781128524
-0.425048951204381
0.1908914347467931
0.11042982129298742
0.5862109558066401
-0.33146815589941603
0.2407036015844236
-0.899082148630448
0.07376203682831563
0.08997563874631402
-0.4107019899725499
-0.009669577508752115
0.059296878112372796
0.1789616690199625
-0.7882112302778489
-0.6799922114949488
0.4387028909039888
0.41602485727944116
-0.3076641564777955
1.0891661153960626
0.8082905738859216
-0.3751763950726572
-2.537564026371685
0.3971121542114394
-0.20573901371980838
-0.27223432788017904
0.11700445513243478
-0.5178167940045352
0.14178197579083748
-0.4643718446161381
0.577786746572197
1.0941026034345733
0.1628740024999772
0.4718619520858746
0.746932115052966
-0.9483460754587557
-1.1401644103092636
-1.008956707697055
-0.6152141572058646
1.8201450936863843
-1.171923176299597
0.6516300687307546
-0.5727022291520291
-1.0956372527548293
1.0553176793715933
-0.549087672704149
-0.3714274433434469
0.4501897534427819
-0.4189041731955645
0.7221296407674367
0.028624381540807247
-0.2441567082944264
-0.8836932194880408
-0.11540331193213223
0.11760750621595972
-1.2717036195705578
0.8009566627420273
-0.3381298911125864
-0.09345096664703664
0.8470357835453715
-0.166555844200717
1.6652948600920916
0.00874522321212849
-0.5581112671334227
-0.7363385690372206
0.0651103650090654
0.4886454591852338
0.5928793798052623
0.12419654033863146
0.31007587305663015
-0.4370144424210384
-1.4844844234050911
-1.0143060511989261
1.3270540633861116
-0.4850191550614399
-1.0667093396049327
0.8576140763073805
-0.6838350829888823
0.11972462159531443
0.6594635285296863
-0.6303410886988599
0.558711354590961
-0.5301427084710392
-0.06424253402751198
-0.15467351152843786
0.2048504866912382
-1.055965611605676
0.406123908928159
0.22977776411172712
-0.7978155126185595
-0.42539248583236167
0.1457113572920829
-0.20351684725582575
0.3150781326343962
-0.8621489987566976
0.662047901258298
-0.018311696769516193
-0.19352549587150006
-0.4894179105631914
-0.8029653607891903
1.3543067551206627
-1.1893007635401893
-0.41189496169945383
-0.8584460291443738
-1.0244973029990911
0.7837298222199474
0.4523487887514451
-0.02721853090065324
0.16020018637388794
-0.7317114361067731
-0.03137452952363422
0.0017845700995756065
0.44676078248471307
-1.1648969239817941
0.08525540101636939
0.4303612269893915
0.292299379211217
-0.7966649747674721
0.4050930330151298
0.3537734808544444
0.276589533384125
-0.37084888229448504
-0.03360900357635259
-0.8441101973155496
1.3335390120610902
-0.7025493960825367
-0.3425876324241439
-0.1303965615336225
0.6137509465344823
-0.7184656876155074
0.1995994978369093
-1.2907436262007246
-0.7732876257122538
1.471074597435258
1.2489590444029945
-1.3763018985499782
1.1011667455480194
-0.5928167084126771
1.4202817200585762
-0.40249682227899214
-1.1857193797604118
1.1116738708952085
-0.30657117953815016
-0.12380582941658214
-0.7210330921690101
1.2644776572213288
-0.5018717750068112
-0.7725449402389115
-0.33832013169664277
0.16613779813972954
0.17536929259799322
0.7128995730243468
-0.5623101654572911
0.3693960609474319
-1.8874356222263267
-0.9162640883931239
0.41743808173028263
1.118183150841849
-0.21940770505098312
-0.3936104367962101
-1.0810775878278036
0.6907596469360466
0.5263220553236851
-0.5966510476696435
0.3738365756597252
-0.4131272643209124
0.6931980531277151
-0.4571334777020485
-0.1576478508990629
0.16508969432997403
-0.9991088916413857
0.39658034587660745
0.26113792914290007
0.6534081824433781
-2.5823111545290396
0.3605033815596985
0.04707818259692755
0.018067115112318705
0.25613654142937103
-0.3418504104589508
1.1040432616219626
-0.17541355006832987
0.16503983252076693
-0.6055443878614117
-0.40067061763904627
0.9634213214583177
-0.05781929156886178
-1.641899233578821
-1.5335607129522983
0.8185687949965141
-0.8925753315929957
0.06320492785923251
1.443935129043258
0.11142214979061159
-0.22086114865915388
-1.2454789980041847
0.11003913373006396
-0.3871426367553581
0.3453104736875177
2.1027266234601636
0.38828434201834783
-0.6610024703098064
-0.8676947871742897
1.169686921307964
0.20640712218586768
0.24721510950767642
0.37083131085315074
-0.2741586385515891
-0.6275666937552775
-1.7961048460068494
0.6500763882201004
-0.3986745193402057
0.22082000100966137
0.7707079277902785
0.5628854275464641
-1.601068884405472
0.902894047915662
-0.6672542448067165
-1.4483725908996576
0.8342497277991591
-1.3527578455402405
0.26066656004205013
-0.09279284604699094
-2.3925090116370957
2.833649007337817
-1.2652043707171585
0.26858214243190015
-1.7658476275073134
-0.012416177427852955
0.5379465109196844
0.8089885281509096
0.040064865207138804
-1.312877001237996
1.4497574815522623
-0.07622598173122444
-0.2522661170191698
1.1840365387072769
-0.3908922555464817
0.8401295414204313
-0.5183333154338661
0.17371419447157518
-0.1903655378634504
-0.856729668059665
1.8925694221184628
-1.2573654202646087
-0.2071371583900824
0.9007491968208052
0.019771595952094333
0.3599796647208688
-0.4585591072655357
0.5146324611333298
0.9775282273895689
-0.7691167686303321
-0.841600897281259
1.460736645318356
-1.6972445850693745
-1.7282592627217865
-0.5073674456195993
-1.1850494556602675
2.2049960892842906
-2.2639301879371727
0.3730904302813994
0.8355767661651385
-0.6245656321560452
-0.10026434472265593
0.4172038802977459
-0.5615020412908933
-1.416859266399348
0.2414729476501575
0.6265627980403798
0.984745407107242
2.0557034665686666
-0.4875124978476829
-1.0470441590723611
-0.01216915599949791
0.7153679078120149
-0.877812263669098
-1.4032185287996284
1.014122194754419
0.2145731258510472
-0.0028465503500679913
0.16026842463089197
-1.6113026814486773
1.2020598643819407
-1.014777033234823
1.436018985115298
0.6414473722953238
-2.099513685119133
0.5721084924607874
-1.3241156025064214
-0.09684432330281163
0.7278739575896931
1.4494430213271456
-0.1607618326076333
0.2047763214837957
-0.8669964240725665
0.5264340895843471
-1.9466634971919645
0.39282223847026365
0.205972007914968
0.7959311741022372
-0.32122025750450134
1.0425296743166372
-1.6963913444827057
0.034624327258426686
0.018746929348368586
-0.7844867015647875
1.617030572825386
-1.2971726234362437
-0.3410323113592593
-0.8374219092235411
-0.09131336207947836
-0.048723624289237384
1.740303713896086
-1.171286994215726
-0.3753569117157828
0.36856893470557783
-0.13461261024776713
0.1989413722470988
-0.6653611431357688
0.9049642220268503
-0.49329318088460034
-0.9026698397502578
0.6501863561244616
-2.0026853076949553
0.8902175672298683
0.12495169638600855
-0.1453217743375084
-0.06710839394423455
0.4619251180599109
